3.82500 0.37644
3.82501 0.38944
3.82502 0.37409
3.82503 0.35081
3.82504 0.35217
3.82505 0.36502
3.82506 0.39779
3.82507 0.37229
3.82508 0.36179
3.82509 0.35371
3.82510 0.36158
3.82511 0.37999
3.82512 0.38217
3.82513 0.33662
3.82514 0.36046
3.82515 0.36305
3.82516 0.33319
3.82517 0.35736
3.82518 0.35524
3.82519 0.36788
3.82520 0.35394
3.82521 0.35599
3.82522 0.33939
3.82523 0.37754
3.82524 0.37249
3.82525 0.37034
3.82526 0.36261
3.82527 0.34994
3.82528 0.37806
3.82529 0.37866
3.82530 0.35619
3.82531 0.37641
3.82532 0.34584
3.82533 0.33308
3.82534 0.34984
3.82535 0.38018
3.82536 0.34915
3.82537 0.33774
3.82538 0.37177
3.82539 0.36655
3.82540 0.37872
3.82541 0.34825
3.82542 0.35750
3.82543 0.38500
3.82544 0.35879
3.82545 0.37673
3.82546 0.35828
3.82547 0.38070
3.82548 0.35314
3.82549 0.36536
3.82550 0.36730
3.82551 0.35168
3.82552 0.36982
3.82553 0.36199
3.82554 0.33799
3.82555 0.37929
3.82556 0.38808
3.82557 0.36230
3.82558 0.35750
3.82559 0.35561
3.82560 0.36229
3.82561 0.36714
3.82562 0.37067
3.82563 0.33286
3.82564 0.36687
3.82565 0.32785
3.82566 0.35863
3.82567 0.37041
3.82568 0.35441
3.82569 0.39789
3.82570 0.32862
3.82571 0.39709
3.82572 0.35428
3.82573 0.36670
3.82574 0.35115
3.82575 0.34560
3.82576 0.36773
3.82577 0.37700
3.82578 0.36070
3.82579 0.37723
3.82580 0.35487
3.82581 0.34754
3.82582 0.33846
3.82583 0.37453
3.82584 0.36488
3.82585 0.35631
3.82586 0.35082
3.82587 0.36084
3.82588 0.35426
3.82589 0.38371
3.82590 0.37077
3.82591 0.38337
3.82592 0.35624
3.82593 0.38946
3.82594 0.37935
3.82595 0.33794
3.82596 0.36697
3.82597 0.34054
3.82598 0.29991
3.82599 0.34287
3.82600 0.37826
3.82601 0.33225
3.82602 0.32603
3.82603 0.36825
3.82604 0.34174
3.82605 0.36096
3.82606 0.33856
3.82607 0.36641
3.82608 0.33681
3.82609 0.35393
3.82610 0.37162
3.82611 0.34535
3.82612 0.33856
3.82613 0.36667
3.82614 0.34934
3.82615 0.35375
3.82616 0.32617
3.82617 0.31553
3.82618 0.35980
3.82619 0.31069
3.82620 0.35297
3.82621 0.37321
3.82622 0.35319
3.82623 0.37758
3.82624 0.35041
3.82625 0.34790
3.82626 0.33219
3.82627 0.35198
3.82628 0.33813
3.82629 0.34300
3.82630 0.34767
3.82631 0.33326
3.82632 0.34955
3.82633 0.31594
3.82634 0.36951
3.82635 0.35774
3.82636 0.34360
3.82637 0.33378
3.82638 0.35190
3.82639 0.36608
3.82640 0.30794
3.82641 0.34452
3.82642 0.35586
3.82643 0.39393
3.82644 0.31606
3.82645 0.31098
3.82646 0.38526
3.82647 0.35625
3.82648 0.33180
3.82649 0.36475
3.82650 0.35003
3.82651 0.36849
3.82652 0.31037
3.82653 0.36466
3.82654 0.30207
3.82655 0.35407
3.82656 0.33768
3.82657 0.32639
3.82658 0.35774
3.82659 0.30863
3.82660 0.35859
3.82661 0.30754
3.82662 0.35370
3.82663 0.35804
3.82664 0.34410
3.82665 0.36126
3.82666 0.33895
3.82667 0.31336
3.82668 0.34487
3.82669 0.28630
3.82670 0.34926
3.82671 0.32153
3.82672 0.34939
3.82673 0.36087
3.82674 0.33950
3.82675 0.32961
3.82676 0.32803
3.82677 0.32020
3.82678 0.35254
3.82679 0.31426
3.82680 0.31405
3.82681 0.36061
3.82682 0.34219
3.82683 0.35278
3.82684 0.34898
3.82685 0.32540
3.82686 0.31588
3.82687 0.34351
3.82688 0.32893
3.82689 0.31814
3.82690 0.28981
3.82691 0.34034
3.82692 0.31367
3.82693 0.36095
3.82694 0.33358
3.82695 0.33433
3.82696 0.34263
3.82697 0.30360
3.82698 0.34154
3.82699 0.32537
3.82700 0.36346
3.82701 0.30997
3.82702 0.33811
3.82703 0.34203
3.82704 0.32383
3.82705 0.32800
3.82706 0.30386
3.82707 0.31118
3.82708 0.30487
3.82709 0.31798
3.82710 0.33425
3.82711 0.33162
3.82712 0.34788
3.82713 0.35222
3.82714 0.33426
3.82715 0.31515
3.82716 0.30103
3.82717 0.33399
3.82718 0.33005
3.82719 0.32708
3.82720 0.33994
3.82721 0.34717
3.82722 0.35457
3.82723 0.31805
3.82724 0.36596
3.82725 0.31539
3.82726 0.32012
3.82727 0.34550
3.82728 0.34796
3.82729 0.35057
3.82730 0.27867
3.82731 0.34263
3.82732 0.33078
3.82733 0.30594
3.82734 0.30758
3.82735 0.35293
3.82736 0.31087
3.82737 0.33884
3.82738 0.30221
3.82739 0.26776
3.82740 0.33606
3.82741 0.30313
3.82742 0.29777
3.82743 0.33640
3.82744 0.32112
3.82745 0.24912
3.82746 0.32628
3.82747 0.30624
3.82748 0.34661
3.82749 0.34038
3.82750 0.25594
3.82751 0.31481
3.82752 0.30905
3.82753 0.33981
3.82754 0.28721
3.82755 0.28284
3.82756 0.29902
3.82757 0.31963
3.82758 0.33879
3.82759 0.30191
3.82760 0.30784
3.82761 0.29130
3.82762 0.31459
3.82763 0.28090
3.82764 0.34084
3.82765 0.31914
3.82766 0.29049
3.82767 0.29869
3.82768 0.23649
3.82769 0.30382
3.82770 0.29515
3.82771 0.28970
3.82772 0.26682
3.82773 0.32864
3.82774 0.30945
3.82775 0.26881
3.82776 0.25069
3.82777 0.31691
3.82778 0.29638
3.82779 0.33614
3.82780 0.25239
3.82781 0.25993
3.82782 0.25905
3.82783 0.27935
3.82784 0.27018
3.82785 0.31301
3.82786 0.31883
3.82787 0.27308
3.82788 0.26852
3.82789 0.31860
3.82790 0.32142
3.82791 0.34713
3.82792 0.29138
3.82793 0.27394
3.82794 0.30007
3.82795 0.22025
3.82796 0.27230
3.82797 0.23074
3.82798 0.25331
3.82799 0.32863
3.82800 0.31427
3.82801 0.28621
3.82802 0.27182
3.82803 0.27171
3.82804 0.26517
3.82805 0.30789
3.82806 0.22973
3.82807 0.24636
3.82808 0.23243
3.82809 0.24650
3.82810 0.16149
3.82811 0.21025
3.82812 0.24023
3.82813 0.23741
3.82814 0.24995
3.82815 0.20062
3.82816 0.23094
3.82817 0.26366
3.82818 0.23062
3.82819 0.30066
3.82820 0.24229
3.82821 0.18720
3.82822 0.19750
3.82823 0.21336
3.82824 0.23155
3.82825 0.27360
3.82826 0.15188
3.82827 0.13964
3.82828 0.17810
3.82829 0.16002
3.82830 0.16963
3.82831 0.17101
3.82832 0.18736
3.82833 0.17509
3.82834 0.17745
3.82835 0.20296
3.82836 0.08713
3.82837 0.11748
3.82838 0.14824
3.82839 0.15307
3.82840 0.12116
3.82841 0.12525
3.82842 0.12169
3.82843 -0.01008
3.82844 -0.01954
3.82845 -0.02591
3.82846 -0.03112
3.82847 -0.03567
3.82848 -0.03977
3.82849 -0.04356
3.82850 -0.04709
3.82851 -0.05044
3.82852 -0.05362
3.82853 -0.05666
3.82854 -0.05959
3.82855 -0.06243
3.82856 -0.06517
3.82857 -0.06784
3.82858 -0.07044
3.82859 -0.07298
3.82860 -0.07547
3.82861 -0.07790
3.82862 -0.08029
3.82863 -0.08263
3.82864 -0.08494
3.82865 -0.08721
3.82866 -0.08945
3.82867 -0.09166
3.82868 -0.09383
3.82869 -0.09599
3.82870 -0.09811
3.82871 -0.10022
3.82872 -0.10230
3.82873 -0.10436
3.82874 -0.10640
3.82875 -0.10842
3.82876 -0.11043
3.82877 -0.11242
3.82878 -0.11440
3.82879 -0.11635
3.82880 -0.11830
3.82881 -0.12023
3.82882 -0.12215
3.82883 -0.12406
3.82884 -0.12596
3.82885 -0.12785
3.82886 -0.12972
3.82887 -0.13159
3.82888 -0.13345
3.82889 -0.13530
3.82890 -0.13714
3.82891 -0.13897
3.82892 -0.14080
3.82893 -0.14262
3.82894 -0.14443
3.82895 -0.14624
3.82896 -0.14804
3.82897 -0.14983
3.82898 -0.15162
3.82899 -0.15340
3.82900 -0.15518
3.82901 -0.15695
3.82902 -0.15872
3.82903 -0.16049
3.82904 -0.16225
3.82905 -0.16401
3.82906 -0.16576
3.82907 -0.16751
3.82908 -0.16926
3.82909 -0.17100
3.82910 -0.17274
3.82911 -0.17448
3.82912 -0.17622
3.82913 -0.17795
3.82914 -0.17968
3.82915 -0.18141
3.82916 -0.18314
3.82917 -0.18487
3.82918 -0.18659
3.82919 -0.18832
3.82920 -0.19004
3.82921 -0.19176
3.82922 -0.19348
3.82923 -0.19520
3.82924 -0.19692
3.82925 -0.19864
3.82926 -0.20036
3.82927 -0.20208
3.82928 -0.20380
3.82929 -0.20552
3.82930 -0.20724
3.82931 -0.20896
3.82932 -0.21068
3.82933 -0.21240
3.82934 -0.21412
3.82935 -0.21584
3.82936 -0.21756
3.82937 -0.21928
3.82938 -0.22101
3.82939 -0.22273
3.82940 -0.22446
3.82941 -0.22618
3.82942 -0.22791
3.82943 -0.22964
3.82944 -0.23138
3.82945 -0.23311
3.82946 -0.23484
3.82947 -0.23658
3.82948 -0.23832
3.82949 -0.24006
3.82950 -0.24181
3.82951 -0.24355
3.82952 -0.24530
3.82953 -0.24705
3.82954 -0.24880
3.82955 -0.25056
3.82956 -0.25232
3.82957 -0.25408
3.82958 -0.25584
3.82959 -0.25761
3.82960 -0.25938
3.82961 -0.26115
3.82962 -0.26293
3.82963 -0.26470
3.82964 -0.26649
3.82965 -0.26827
3.82966 -0.27006
3.82967 -0.27186
3.82968 -0.27365
3.82969 -0.27545
3.82970 -0.27726
3.82971 -0.27907
3.82972 -0.28088
3.82973 -0.28270
3.82974 -0.28452
3.82975 -0.28635
3.82976 -0.28818
3.82977 -0.29001
3.82978 -0.29185
3.82979 -0.29369
3.82980 -0.29554
3.82981 -0.29740
3.82982 -0.29926
3.82983 -0.30112
3.82984 -0.30299
3.82985 -0.30486
3.82986 -0.30674
3.82987 -0.30863
3.82988 -0.31052
3.82989 -0.31241
3.82990 -0.31432
3.82991 -0.31622
3.82992 -0.31814
3.82993 -0.32006
3.82994 -0.32198
3.82995 -0.32392
3.82996 -0.32585
3.82997 -0.32780
3.82998 -0.32975
3.82999 -0.33171
3.83000 -0.33367
3.83001 -0.33565
3.83002 -0.33763
3.83003 -0.33961
3.83004 -0.34160
3.83005 -0.34361
3.83006 -0.34561
3.83007 -0.34763
3.83008 -0.34965
3.83009 -0.35168
3.83010 -0.35372
3.83011 -0.35577
3.83012 -0.35782
3.83013 -0.35989
3.83014 -0.36196
3.83015 -0.36404
3.83016 -0.36613
3.83017 -0.36822
3.83018 -0.37033
3.83019 -0.37245
3.83020 -0.37457
3.83021 -0.37671
3.83022 -0.37885
3.83023 -0.38100
3.83024 -0.38317
3.83025 -0.38534
3.83026 -0.38752
3.83027 -0.38971
3.83028 -0.39192
3.83029 -0.39413
3.83030 -0.39636
3.83031 -0.39859
3.83032 -0.40084
3.83033 -0.40310
3.83034 -0.40537
3.83035 -0.40765
3.83036 -0.40994
3.83037 -0.41224
3.83038 -0.41456
3.83039 -0.41689
3.83040 -0.41923
3.83041 -0.42158
3.83042 -0.42395
3.83043 -0.42633
3.83044 -0.42872
3.83045 -0.43113
3.83046 -0.43355
3.83047 -0.43598
3.83048 -0.43843
3.83049 -0.44089
3.83050 -0.44337
3.83051 -0.44586
3.83052 -0.44837
3.83053 -0.45089
3.83054 -0.45343
3.83055 -0.45598
3.83056 -0.45855
3.83057 -0.46114
3.83058 -0.46374
3.83059 -0.46636
3.83060 -0.46900
3.83061 -0.47165
3.83062 -0.47432
3.83063 -0.47701
3.83064 -0.47972
3.83065 -0.48245
3.83066 -0.48520
3.83067 -0.48796
3.83068 -0.49075
3.83069 -0.49355
3.83070 -0.49638
3.83071 -0.49923
3.83072 -0.50210
3.83073 -0.50499
3.83074 -0.50790
3.83075 -0.51083
3.83076 -0.51379
3.83077 -0.51677
3.83078 -0.51977
3.83079 -0.52280
3.83080 -0.52586
3.83081 -0.52893
3.83082 -0.53204
3.83083 -0.53517
3.83084 -0.53832
3.83085 -0.54151
3.83086 -0.54472
3.83087 -0.54796
3.83088 -0.55123
3.83089 -0.55453
3.83090 -0.55786
3.83091 -0.56122
3.83092 -0.56461
3.83093 -0.56803
3.83094 -0.57149
3.83095 -0.57498
3.83096 -0.57850
3.83097 -0.58206
3.83098 -0.58566
3.83099 -0.58929
3.83100 -0.59296
3.83101 -0.59667
3.83102 -0.60041
3.83103 -0.60420
3.83104 -0.60803
3.83105 -0.61190
3.83106 -0.61582
3.83107 -0.61978
3.83108 -0.62378
3.83109 -0.62784
3.83110 -0.63194
3.83111 -0.63609
3.83112 -0.64029
3.83113 -0.64454
3.83114 -0.64885
3.83115 -0.65321
3.83116 -0.65763
3.83117 -0.66210
3.83118 -0.66664
3.83119 -0.67123
3.83120 -0.67590
3.83121 -0.68062
3.83122 -0.68542
3.83123 -0.69028
3.83124 -0.69521
3.83125 -0.70022
3.83126 -0.70531
3.83127 -0.71047
3.83128 -0.71572
3.83129 -0.72105
3.83130 -0.72646
3.83131 -0.73197
3.83132 -0.73757
3.83133 -0.74327
3.83134 -0.74907
3.83135 -0.75498
3.83136 -0.76099
3.83137 -0.76711
3.83138 -0.77336
3.83139 -0.77972
3.83140 -0.78622
3.83141 -0.79284
3.83142 -0.79961
3.83143 -0.80652
3.83144 -0.81358
3.83145 -0.82080
3.83146 -0.82818
3.83147 -0.83574
3.83148 -0.84349
3.83149 -0.85142
3.83150 -0.85956
3.83151 -0.86792
3.83152 -0.87650
3.83153 -0.88531
3.83154 -0.89439
3.83155 -0.90372
3.83156 -0.91335
3.83157 -0.92328
3.83158 -0.93353
3.83159 -0.94413
3.83160 -0.95510
3.83161 -0.96647
3.83162 -0.97827
3.83163 -0.99054
3.83164 -1.00330
3.83165 -1.01662
3.83166 -1.03053
3.83167 -1.04510
3.83168 -1.06039
3.83169 -1.07648
3.83170 -1.09345
3.83171 -1.11142
3.83172 -1.13050
3.83173 -1.15084
3.83174 -1.17264
3.83175 -1.19611
3.83176 -1.22153
3.83177 -1.24927
3.83178 -1.27979
3.83179 -1.31373
3.83180 -1.35193
3.83181 -1.39566
3.83182 -1.44679
3.83183 -1.50837
3.83184 -1.58581
3.83185 -1.69031
3.83186 -1.85172
3.83187 -2.22482
3.83188 -2.11028
3.83189 -1.81450
3.83190 -1.66865
3.83191 -1.57105
3.83192 -1.49762
3.83193 -1.43874
3.83194 -1.38961
3.83195 -1.34746
3.83196 -1.31055
3.83197 -1.27773
3.83198 -1.24819
3.83199 -1.22133
3.83200 -1.19671
3.83201 -1.17399
3.83202 -1.15289
3.83203 -1.13321
3.83204 -1.11476
3.83205 -1.09741
3.83206 -1.08102
3.83207 -1.06550
3.83208 -1.05077
3.83209 -1.03674
3.83210 -1.02335
3.83211 -1.01056
3.83212 -0.99830
3.83213 -0.98654
3.83214 -0.97523
3.83215 -0.96435
3.83216 -0.95387
3.83217 -0.94375
3.83218 -0.93397
3.83219 -0.92451
3.83220 -0.91536
3.83221 -0.90648
3.83222 -0.89787
3.83223 -0.88952
3.83224 -0.88139
3.83225 -0.87350
3.83226 -0.86581
3.83227 -0.85833
3.83228 -0.85103
3.83229 -0.84392
3.83230 -0.83698
3.83231 -0.83021
3.83232 -0.82359
3.83233 -0.81712
3.83234 -0.81080
3.83235 -0.80462
3.83236 -0.79856
3.83237 -0.79264
3.83238 -0.78683
3.83239 -0.78115
3.83240 -0.77557
3.83241 -0.77011
3.83242 -0.76474
3.83243 -0.75948
3.83244 -0.75432
3.83245 -0.74924
3.83246 -0.74426
3.83247 -0.73937
3.83248 -0.73456
3.83249 -0.72983
3.83250 -0.72517
3.83251 -0.72060
3.83252 -0.71610
3.83253 -0.71167
3.83254 -0.70731
3.83255 -0.70302
3.83256 -0.69879
3.83257 -0.69463
3.83258 -0.69053
3.83259 -0.68648
3.83260 -0.68250
3.83261 -0.67857
3.83262 -0.67470
3.83263 -0.67088
3.83264 -0.66711
3.83265 -0.66340
3.83266 -0.65973
3.83267 -0.65611
3.83268 -0.65254
3.83269 -0.64902
3.83270 -0.64554
3.83271 -0.64210
3.83272 -0.63871
3.83273 -0.63535
3.83274 -0.63204
3.83275 -0.62877
3.83276 -0.62554
3.83277 -0.62234
3.83278 -0.61918
3.83279 -0.61606
3.83280 -0.61297
3.83281 -0.60992
3.83282 -0.60690
3.83283 -0.60392
3.83284 -0.60097
3.83285 -0.59805
3.83286 -0.59516
3.83287 -0.59230
3.83288 -0.58947
3.83289 -0.58667
3.83290 -0.58390
3.83291 -0.58116
3.83292 -0.57844
3.83293 -0.57575
3.83294 -0.57309
3.83295 -0.57046
3.83296 -0.56785
3.83297 -0.56526
3.83298 -0.56270
3.83299 -0.56017
3.83300 -0.55766
3.83301 -0.55517
3.83302 -0.55270
3.83303 -0.55026
3.83304 -0.54784
3.83305 -0.54544
3.83306 -0.54307
3.83307 -0.54071
3.83308 -0.53837
3.83309 -0.53606
3.83310 -0.53376
3.83311 -0.53149
3.83312 -0.52923
3.83313 -0.52700
3.83314 -0.52478
3.83315 -0.52258
3.83316 -0.52040
3.83317 -0.51823
3.83318 -0.51609
3.83319 -0.51396
3.83320 -0.51185
3.83321 -0.50975
3.83322 -0.50767
3.83323 -0.50561
3.83324 -0.50356
3.83325 -0.50153
3.83326 -0.49952
3.83327 -0.49752
3.83328 -0.49554
3.83329 -0.49357
3.83330 -0.49161
3.83331 -0.48967
3.83332 -0.48775
3.83333 -0.48584
3.83334 -0.48394
3.83335 -0.48205
3.83336 -0.48018
3.83337 -0.47833
3.83338 -0.47648
3.83339 -0.47465
3.83340 -0.47283
3.83341 -0.47103
3.83342 -0.46923
3.83343 -0.46745
3.83344 -0.46568
3.83345 -0.46393
3.83346 -0.46218
3.83347 -0.46045
3.83348 -0.45873
3.83349 -0.45702
3.83350 -0.45532
3.83351 -0.45363
3.83352 -0.45195
3.83353 -0.45029
3.83354 -0.44863
3.83355 -0.44699
3.83356 -0.44535
3.83357 -0.44373
3.83358 -0.44212
3.83359 -0.44051
3.83360 -0.43892
3.83361 -0.43733
3.83362 -0.43576
3.83363 -0.43420
3.83364 -0.43264
3.83365 -0.43109
3.83366 -0.42956
3.83367 -0.42803
3.83368 -0.42651
3.83369 -0.42500
3.83370 -0.42350
3.83371 -0.42201
3.83372 -0.42053
3.83373 -0.41905
3.83374 -0.41759
3.83375 -0.41613
3.83376 -0.41468
3.83377 -0.41324
3.83378 -0.41181
3.83379 -0.41038
3.83380 -0.40897
3.83381 -0.40756
3.83382 -0.40616
3.83383 -0.40476
3.83384 -0.40338
3.83385 -0.40200
3.83386 -0.40063
3.83387 -0.39927
3.83388 -0.39791
3.83389 -0.39656
3.83390 -0.39522
3.83391 -0.39388
3.83392 -0.39256
3.83393 -0.39124
3.83394 -0.38992
3.83395 -0.38862
3.83396 -0.38732
3.83397 -0.38602
3.83398 -0.38474
3.83399 -0.38346
3.83400 -0.38218
3.83401 -0.38091
3.83402 -0.37965
3.83403 -0.37840
3.83404 -0.37715
3.83405 -0.37591
3.83406 -0.37467
3.83407 -0.37344
3.83408 -0.37222
3.83409 -0.37100
3.83410 -0.36979
3.83411 -0.36858
3.83412 -0.36738
3.83413 -0.36619
3.83414 -0.36500
3.83415 -0.36382
3.83416 -0.36264
3.83417 -0.36147
3.83418 -0.36030
3.83419 -0.35914
3.83420 -0.35798
3.83421 -0.35683
3.83422 -0.35569
3.83423 -0.35455
3.83424 -0.35341
3.83425 -0.35228
3.83426 -0.35116
3.83427 -0.35004
3.83428 -0.34892
3.83429 -0.34781
3.83430 -0.34671
3.83431 -0.34561
3.83432 -0.34452
3.83433 -0.34343
3.83434 -0.34234
3.83435 -0.34126
3.83436 -0.34019
3.83437 -0.33912
3.83438 -0.33805
3.83439 -0.33699
3.83440 -0.33593
3.83441 -0.33488
3.83442 -0.33383
3.83443 -0.33279
3.83444 -0.33175
3.83445 -0.33071
3.83446 -0.32968
3.83447 -0.32866
3.83448 -0.32764
3.83449 -0.32662
3.83450 -0.32560
3.83451 -0.32459
3.83452 -0.32359
3.83453 -0.32259
3.83454 -0.32159
3.83455 -0.32060
3.83456 -0.31961
3.83457 -0.31863
3.83458 -0.31764
3.83459 -0.31667
3.83460 -0.31569
3.83461 -0.31473
3.83462 -0.31376
3.83463 -0.31280
3.83464 -0.31184
3.83465 -0.31089
3.83466 -0.30994
3.83467 -0.30899
3.83468 -0.30805
3.83469 -0.30711
3.83470 -0.30617
3.83471 -0.30524
3.83472 -0.30431
3.83473 -0.30339
3.83474 -0.30247
3.83475 -0.30155
3.83476 -0.30063
3.83477 -0.29972
3.83478 -0.29881
3.83479 -0.29791
3.83480 -0.29701
3.83481 -0.29611
3.83482 -0.29522
3.83483 -0.29433
3.83484 -0.29344
3.83485 -0.29255
3.83486 -0.29167
3.83487 -0.29080
3.83488 -0.28992
3.83489 -0.28905
3.83490 -0.28818
3.83491 -0.28732
3.83492 -0.28645
3.83493 -0.28559
3.83494 -0.28474
3.83495 -0.28388
3.83496 -0.28303
3.83497 -0.28219
3.83498 -0.28134
3.83499 -0.28050
3.83500 -0.27966
3.83501 -0.27883
3.83502 -0.27800
3.83503 -0.27717
3.83504 -0.27634
3.83505 -0.27552
3.83506 -0.27470
3.83507 -0.27388
3.83508 -0.27306
3.83509 -0.27225
3.83510 -0.27144
3.83511 -0.27063
3.83512 -0.26983
3.83513 -0.26903
3.83514 -0.26823
3.83515 -0.26743
3.83516 -0.26664
3.83517 -0.26585
3.83518 -0.26506
3.83519 -0.26427
3.83520 -0.26349
3.83521 -0.26271
3.83522 -0.26193
3.83523 -0.26115
3.83524 -0.26038
3.83525 -0.25961
3.83526 -0.25884
3.83527 -0.25808
3.83528 -0.25731
3.83529 -0.25655
3.83530 -0.25579
3.83531 -0.25504
3.83532 -0.25428
3.83533 -0.25353
3.83534 -0.25278
3.83535 -0.25204
3.83536 -0.25129
3.83537 -0.25055
3.83538 -0.24981
3.83539 -0.24907
3.83540 -0.24834
3.83541 -0.24761
3.83542 -0.24688
3.83543 -0.24615
3.83544 -0.24542
3.83545 -0.24470
3.83546 -0.24398
3.83547 -0.24326
3.83548 -0.24254
3.83549 -0.24183
3.83550 -0.24111
3.83551 -0.24040
3.83552 -0.23969
3.83553 -0.23899
3.83554 -0.23828
3.83555 -0.23758
3.83556 -0.23688
3.83557 -0.23618
3.83558 -0.23549
3.83559 -0.23479
3.83560 -0.23410
3.83561 -0.23341
3.83562 -0.23273
3.83563 -0.23204
3.83564 -0.23136
3.83565 -0.23067
3.83566 -0.22999
3.83567 -0.22932
3.83568 -0.22864
3.83569 -0.22797
3.83570 -0.22729
3.83571 -0.22662
3.83572 -0.22596
3.83573 -0.22529
3.83574 -0.22463
3.83575 -0.22396
3.83576 -0.22330
3.83577 -0.22264
3.83578 -0.22199
3.83579 -0.22133
3.83580 -0.22068
3.83581 -0.22003
3.83582 -0.21938
3.83583 -0.21873
3.83584 -0.21808
3.83585 -0.21744
3.83586 -0.21680
3.83587 -0.21616
3.83588 -0.21552
3.83589 -0.21488
3.83590 -0.21425
3.83591 -0.21361
3.83592 -0.21298
3.83593 -0.21235
3.83594 -0.21172
3.83595 -0.21109
3.83596 -0.21047
3.83597 -0.20984
3.83598 -0.20922
3.83599 -0.20860
3.83600 -0.20798
3.83601 -0.20737
3.83602 -0.20675
3.83603 -0.20614
3.83604 -0.20553
3.83605 -0.20492
3.83606 -0.20431
3.83607 -0.20370
3.83608 -0.20309
3.83609 -0.20249
3.83610 -0.20189
3.83611 -0.20129
3.83612 -0.20069
3.83613 -0.20009
3.83614 -0.19949
3.83615 -0.19890
3.83616 -0.19831
3.83617 -0.19771
3.83618 -0.19712
3.83619 -0.19653
3.83620 -0.19595
3.83621 -0.19536
3.83622 -0.19478
3.83623 -0.19419
3.83624 -0.19361
3.83625 -0.19303
3.83626 -0.19245
3.83627 -0.19188
3.83628 -0.19130
3.83629 -0.19073
3.83630 -0.19016
3.83631 -0.18958
3.83632 -0.18901
3.83633 -0.18845
3.83634 -0.18788
3.83635 -0.18731
3.83636 -0.18675
3.83637 -0.18619
3.83638 -0.18562
3.83639 -0.18506
3.83640 -0.18451
3.83641 -0.18395
3.83642 -0.18339
3.83643 -0.18284
3.83644 -0.18228
3.83645 -0.18173
3.83646 -0.18118
3.83647 -0.18063
3.83648 -0.18008
3.83649 -0.17954
3.83650 -0.17899
3.83651 -0.17845
3.83652 -0.17790
3.83653 -0.17736
3.83654 -0.17682
3.83655 -0.17628
3.83656 -0.17575
3.83657 -0.17521
3.83658 -0.17467
3.83659 -0.17414
3.83660 -0.17361
3.83661 -0.17308
3.83662 -0.17255
3.83663 -0.17202
3.83664 -0.17149
3.83665 -0.17096
3.83666 -0.17044
3.83667 -0.16991
3.83668 -0.16939
3.83669 -0.16887
3.83670 -0.16835
3.83671 -0.16783
3.83672 -0.16731
3.83673 -0.16679
3.83674 -0.16628
3.83675 -0.16576
3.83676 -0.16525
3.83677 -0.16473
3.83678 -0.16422
3.83679 -0.16371
3.83680 -0.16320
3.83681 -0.16270
3.83682 -0.16219
3.83683 -0.16168
3.83684 -0.16118
3.83685 -0.16068
3.83686 -0.16017
3.83687 -0.15967
3.83688 -0.15917
3.83689 -0.15867
3.83690 -0.15818
3.83691 -0.15768
3.83692 -0.15718
3.83693 -0.15669
3.83694 -0.15619
3.83695 -0.15570
3.83696 -0.15521
3.83697 -0.15472
3.83698 -0.15423
3.83699 -0.15374
3.83700 -0.15326
3.83701 -0.15277
3.83702 -0.15228
3.83703 -0.15180
3.83704 -0.15132
3.83705 -0.15083
3.83706 -0.15035
3.83707 -0.14987
3.83708 -0.14939
3.83709 -0.14892
3.83710 -0.14844
3.83711 -0.14796
3.83712 -0.14749
3.83713 -0.14701
3.83714 -0.14654
3.83715 -0.14607
3.83716 -0.14560
3.83717 -0.14513
3.83718 -0.14466
3.83719 -0.14419
3.83720 -0.14372
3.83721 -0.14326
3.83722 -0.14279
3.83723 -0.14233
3.83724 -0.14187
3.83725 -0.14140
3.83726 -0.14094
3.83727 -0.14048
3.83728 -0.14002
3.83729 -0.13956
3.83730 -0.13911
3.83731 -0.13865
3.83732 -0.13819
3.83733 -0.13774
3.83734 -0.13728
3.83735 -0.13683
3.83736 -0.13638
3.83737 -0.13593
3.83738 -0.13548
3.83739 -0.13503
3.83740 -0.13458
3.83741 -0.13413
3.83742 -0.13369
3.83743 -0.13324
3.83744 -0.13280
3.83745 -0.13235
3.83746 -0.13191
3.83747 -0.13147
3.83748 -0.13102
3.83749 -0.13058
3.83750 -0.13014
3.83751 -0.12970
3.83752 -0.12927
3.83753 -0.12883
3.83754 -0.12839
3.83755 -0.12796
3.83756 -0.12752
3.83757 -0.12709
3.83758 -0.12666
3.83759 -0.12622
3.83760 -0.12579
3.83761 -0.12536
3.83762 -0.12493
3.83763 -0.12450
3.83764 -0.12408
3.83765 -0.12365
3.83766 -0.12322
3.83767 -0.12280
3.83768 -0.12237
3.83769 -0.12195
3.83770 -0.12153
3.83771 -0.12110
3.83772 -0.12068
3.83773 -0.12026
3.83774 -0.11984
3.83775 -0.11942
3.83776 -0.11900
3.83777 -0.11859
3.83778 -0.11817
3.83779 -0.11775
3.83780 -0.11734
3.83781 -0.11692
3.83782 -0.11651
3.83783 -0.11610
3.83784 -0.11568
3.83785 -0.11527
3.83786 -0.11486
3.83787 -0.11445
3.83788 -0.11404
3.83789 -0.11364
3.83790 -0.11323
3.83791 -0.11282
3.83792 -0.11241
3.83793 -0.11201
3.83794 -0.11160
3.83795 -0.11120
3.83796 -0.11080
3.83797 -0.11039
3.83798 -0.10999
3.83799 -0.10959
3.83800 -0.10919
3.83801 -0.10879
3.83802 -0.10839
3.83803 -0.10799
3.83804 -0.10760
3.83805 -0.10720
3.83806 -0.10680
3.83807 -0.10641
3.83808 -0.10601
3.83809 -0.10562
3.83810 -0.10523
3.83811 -0.10483
3.83812 -0.10444
3.83813 -0.10405
3.83814 -0.10366
3.83815 -0.10327
3.83816 -0.10288
3.83817 -0.10249
3.83818 -0.10211
3.83819 -0.10172
3.83820 -0.10133
3.83821 -0.10095
3.83822 -0.10056
3.83823 -0.10018
3.83824 -0.09979
3.83825 -0.09941
3.83826 -0.09903
3.83827 -0.09865
3.83828 -0.09827
3.83829 -0.09789
3.83830 -0.09751
3.83831 -0.09713
3.83832 -0.09675
3.83833 -0.09637
3.83834 -0.09599
3.83835 -0.09562
3.83836 -0.09524
3.83837 -0.09487
3.83838 -0.09449
3.83839 -0.09412
3.83840 -0.09374
3.83841 -0.09337
3.83842 -0.09300
3.83843 -0.09263
3.83844 -0.09226
3.83845 -0.09189
3.83846 -0.09152
3.83847 -0.09115
3.83848 -0.09078
3.83849 -0.09041
3.83850 -0.09004
3.83851 -0.08968
3.83852 -0.08931
3.83853 -0.08895
3.83854 -0.08858
3.83855 -0.08822
3.83856 -0.08785
3.83857 -0.08749
3.83858 -0.08713
3.83859 -0.08677
3.83860 -0.08641
3.83861 -0.08605
3.83862 -0.08569
3.83863 -0.08533
3.83864 -0.08497
3.83865 -0.08461
3.83866 -0.08425
3.83867 -0.08389
3.83868 -0.08354
3.83869 -0.08318
3.83870 -0.08283
3.83871 -0.08247
3.83872 -0.08212
3.83873 -0.08176
3.83874 -0.08141
3.83875 -0.08106
3.83876 -0.08071
3.83877 -0.08036
3.83878 -0.08001
3.83879 -0.07965
3.83880 -0.07931
3.83881 -0.07896
3.83882 -0.07861
3.83883 -0.07826
3.83884 -0.07791
3.83885 -0.07757
3.83886 -0.07722
3.83887 -0.07687
3.83888 -0.07653
3.83889 -0.07618
3.83890 -0.07584
3.83891 -0.07550
3.83892 -0.07515
3.83893 -0.07481
3.83894 -0.07447
3.83895 -0.07413
3.83896 -0.07379
3.83897 -0.07345
3.83898 -0.07311
3.83899 -0.07277
3.83900 -0.07243
3.83901 -0.07209
3.83902 -0.07175
3.83903 -0.07141
3.83904 -0.07108
3.83905 -0.07074
3.83906 -0.07040
3.83907 -0.07007
3.83908 -0.06974
3.83909 -0.06940
3.83910 -0.06907
3.83911 -0.06873
3.83912 -0.06840
3.83913 -0.06807
3.83914 -0.06774
3.83915 -0.06741
3.83916 -0.06708
3.83917 -0.06675
3.83918 -0.06642
3.83919 -0.06609
3.83920 -0.06576
3.83921 -0.06543
3.83922 -0.06510
3.83923 -0.06478
3.83924 -0.06445
3.83925 -0.06412
3.83926 -0.06380
3.83927 -0.06347
3.83928 -0.06315
3.83929 -0.06282
3.83930 -0.06250
3.83931 -0.06218
3.83932 -0.06185
3.83933 -0.06153
3.83934 -0.06121
3.83935 -0.06089
3.83936 -0.06057
3.83937 -0.06025
3.83938 -0.05993
3.83939 -0.05961
3.83940 -0.05929
3.83941 -0.05897
3.83942 -0.05865
3.83943 -0.05833
3.83944 -0.05802
3.83945 -0.05770
3.83946 -0.05738
3.83947 -0.05707
3.83948 -0.05675
3.83949 -0.05644
3.83950 -0.05612
3.83951 -0.05581
3.83952 -0.05549
3.83953 -0.05518
3.83954 -0.05487
3.83955 -0.05456
3.83956 -0.05425
3.83957 -0.05393
3.83958 -0.05362
3.83959 -0.05331
3.83960 -0.05300
3.83961 -0.05269
3.83962 -0.05238
3.83963 -0.05208
3.83964 -0.05177
3.83965 -0.05146
3.83966 -0.05115
3.83967 -0.05085
3.83968 -0.05054
3.83969 -0.05023
3.83970 -0.04993
3.83971 -0.04962
3.83972 -0.04932
3.83973 -0.04901
3.83974 -0.04871
3.83975 -0.04841
3.83976 -0.04810
3.83977 -0.04780
3.83978 -0.04750
3.83979 -0.04720
3.83980 -0.04690
3.83981 -0.04659
3.83982 -0.04629
3.83983 -0.04599
3.83984 -0.04569
3.83985 -0.04539
3.83986 -0.04510
3.83987 -0.04480
3.83988 -0.04450
3.83989 -0.04420
3.83990 -0.04390
3.83991 -0.04361
3.83992 -0.04331
3.83993 -0.04302
3.83994 -0.04272
3.83995 -0.04242
3.83996 -0.04213
3.83997 -0.04184
3.83998 -0.04154
3.83999 -0.04125
3.84000 -0.04096
3.84001 -0.04066
3.84002 -0.04037
3.84003 -0.04008
3.84004 -0.03979
3.84005 -0.03950
3.84006 -0.03920
3.84007 -0.03891
3.84008 -0.03862
3.84009 -0.03833
3.84010 -0.03805
3.84011 -0.03776
3.84012 -0.03747
3.84013 -0.03718
3.84014 -0.03689
3.84015 -0.03660
3.84016 -0.03632
3.84017 -0.03603
3.84018 -0.03575
3.84019 -0.03546
3.84020 -0.03517
3.84021 -0.03489
3.84022 -0.03460
3.84023 -0.03432
3.84024 -0.03404
3.84025 -0.03375
3.84026 -0.03347
3.84027 -0.03319
3.84028 -0.03290
3.84029 -0.03262
3.84030 -0.03234
3.84031 -0.03206
3.84032 -0.03178
3.84033 -0.03150
3.84034 -0.03122
3.84035 -0.03094
3.84036 -0.03066
3.84037 -0.03038
3.84038 -0.03010
3.84039 -0.02982
3.84040 -0.02954
3.84041 -0.02927
3.84042 -0.02899
3.84043 -0.02871
3.84044 -0.02843
3.84045 -0.02816
3.84046 -0.02788
3.84047 -0.02761
3.84048 -0.02733
3.84049 -0.02706
3.84050 -0.02678
3.84051 -0.02651
3.84052 -0.02623
3.84053 -0.02596
3.84054 -0.02569
3.84055 -0.02541
3.84056 -0.02514
3.84057 -0.02487
3.84058 -0.02460
3.84059 -0.02433
3.84060 -0.02406
3.84061 -0.02379
3.84062 -0.02352
3.84063 -0.02324
3.84064 -0.02298
3.84065 -0.02271
3.84066 -0.02244
3.84067 -0.02217
3.84068 -0.02190
3.84069 -0.02163
3.84070 -0.02136
3.84071 -0.02110
3.84072 -0.02083
3.84073 -0.02056
3.84074 -0.02030
3.84075 -0.02003
3.84076 -0.01976
3.84077 -0.01950
3.84078 -0.01923
3.84079 -0.01897
3.84080 -0.01871
3.84081 -0.01844
3.84082 -0.01818
3.84083 -0.01791
3.84084 -0.01765
3.84085 -0.01739
3.84086 -0.01713
3.84087 -0.01686
3.84088 -0.01660
3.84089 -0.01634
3.84090 -0.01608
3.84091 -0.01582
3.84092 -0.01556
3.84093 -0.01530
3.84094 -0.01504
3.84095 -0.01478
3.84096 -0.01452
3.84097 -0.01426
3.84098 -0.01400
3.84099 -0.01374
3.84100 -0.01348
3.84101 -0.01323
3.84102 -0.01297
3.84103 -0.01271
3.84104 -0.01246
3.84105 -0.01220
3.84106 -0.01194
3.84107 -0.01169
3.84108 -0.01143
3.84109 -0.01118
3.84110 -0.01092
3.84111 -0.01067
3.84112 -0.01041
3.84113 -0.01016
3.84114 -0.00990
3.84115 -0.00965
3.84116 -0.00940
3.84117 -0.00914
3.84118 -0.00889
3.84119 -0.00864
3.84120 -0.00839
3.84121 -0.00814
3.84122 -0.00788
3.84123 -0.00763
3.84124 -0.00738
3.84125 -0.00713
3.84126 -0.00688
3.84127 -0.00663
3.84128 -0.00638
3.84129 -0.00613
3.84130 -0.00589
3.84131 -0.00564
3.84132 -0.00539
3.84133 -0.00514
3.84134 -0.00489
3.84135 -0.00465
3.84136 -0.00440
3.84137 -0.00415
3.84138 -0.00391
3.84139 -0.00366
3.84140 -0.00342
3.84141 -0.00318
3.84142 -0.00293
3.84143 -0.00269
3.84144 -0.00245
3.84145 -0.00221
3.84146 -0.00198
3.84147 -0.00175
3.84148 -0.00152
3.84149 -0.00130
3.84150 -0.00108
3.84151 -0.00088
3.84152 -0.00070
3.84153 -0.00054
3.84154 -0.00042
3.84155 -0.00034
3.84156 -0.00031
3.84157 -0.00036
3.84158 -0.00048
3.84159 -0.00067
3.84160 -0.00093
3.84161 -0.00126
3.84162 -0.00163
3.84163 -0.00204
3.84164 -0.00248
3.84165 -0.00294
3.84166 -0.00342
3.84167 -0.00391
3.84168 -0.00440
3.84169 -0.00491
3.84170 -0.00543
3.84171 -0.00595
3.84172 -0.00647
3.84173 -0.00700
3.84174 -0.00754
3.84175 -0.00808
3.84176 -0.00862
3.84177 -0.00917
3.84178 -0.00972
3.84179 -0.01027
3.84180 -0.01083
3.84181 -0.01139
3.84182 -0.01196
3.84183 -0.01253
3.84184 -0.01310
3.84185 -0.01367
3.84186 -0.01425
3.84187 -0.01483
3.84188 -0.01541
3.84189 -0.01600
3.84190 -0.01659
3.84191 -0.01718
3.84192 -0.01778
3.84193 -0.01837
3.84194 -0.01898
3.84195 -0.01958
3.84196 -0.02018
3.84197 -0.02079
3.84198 -0.02140
3.84199 -0.02202
3.84200 -0.02263
3.84201 -0.02325
3.84202 -0.02388
3.84203 -0.02450
3.84204 -0.02513
3.84205 -0.02576
3.84206 -0.02639
3.84207 -0.02703
3.84208 -0.02767
3.84209 -0.02831
3.84210 -0.02895
3.84211 -0.02960
3.84212 -0.03024
3.84213 -0.03090
3.84214 -0.03155
3.84215 -0.03221
3.84216 -0.03287
3.84217 -0.03353
3.84218 -0.03419
3.84219 -0.03486
3.84220 -0.03553
3.84221 -0.03621
3.84222 -0.03688
3.84223 -0.03756
3.84224 -0.03824
3.84225 -0.03893
3.84226 -0.03961
3.84227 -0.04030
3.84228 -0.04100
3.84229 -0.04169
3.84230 -0.04239
3.84231 -0.04309
3.84232 -0.04380
3.84233 -0.04451
3.84234 -0.04522
3.84235 -0.04593
3.84236 -0.04665
3.84237 -0.04737
3.84238 -0.04809
3.84239 -0.04882
3.84240 -0.04955
3.84241 -0.05028
3.84242 -0.05101
3.84243 -0.05175
3.84244 -0.05249
3.84245 -0.05324
3.84246 -0.05398
3.84247 -0.05474
3.84248 -0.05549
3.84249 -0.05625
3.84250 -0.05701
3.84251 -0.05777
3.84252 -0.05854
3.84253 -0.05931
3.84254 -0.06009
3.84255 -0.06086
3.84256 -0.06165
3.84257 -0.06243
3.84258 -0.06322
3.84259 -0.06401
3.84260 -0.06481
3.84261 -0.06561
3.84262 -0.06641
3.84263 -0.06722
3.84264 -0.06803
3.84265 -0.06884
3.84266 -0.06966
3.84267 -0.07048
3.84268 -0.07131
3.84269 -0.07214
3.84270 -0.07297
3.84271 -0.07381
3.84272 -0.07465
3.84273 -0.07550
3.84274 -0.07635
3.84275 -0.07720
3.84276 -0.07806
3.84277 -0.07893
3.84278 -0.07979
3.84279 -0.08066
3.84280 -0.08154
3.84281 -0.08242
3.84282 -0.08331
3.84283 -0.08420
3.84284 -0.08509
3.84285 -0.08599
3.84286 -0.08689
3.84287 -0.08780
3.84288 -0.08871
3.84289 -0.08963
3.84290 -0.09056
3.84291 -0.09148
3.84292 -0.09242
3.84293 -0.09336
3.84294 -0.09430
3.84295 -0.09525
3.84296 -0.09620
3.84297 -0.09716
3.84298 -0.09813
3.84299 -0.09910
3.84300 -0.10007
3.84301 -0.10106
3.84302 -0.10204
3.84303 -0.10304
3.84304 -0.10404
3.84305 -0.10504
3.84306 -0.10605
3.84307 -0.10707
3.84308 -0.10810
3.84309 -0.10913
3.84310 -0.11016
3.84311 -0.11121
3.84312 -0.11226
3.84313 -0.11331
3.84314 -0.11438
3.84315 -0.11545
3.84316 -0.11653
3.84317 -0.11761
3.84318 -0.11870
3.84319 -0.11980
3.84320 -0.12091
3.84321 -0.12202
3.84322 -0.12315
3.84323 -0.12428
3.84324 -0.12541
3.84325 -0.12656
3.84326 -0.12772
3.84327 -0.12888
3.84328 -0.13005
3.84329 -0.13123
3.84330 -0.13242
3.84331 -0.13362
3.84332 -0.13482
3.84333 -0.13604
3.84334 -0.13727
3.84335 -0.13850
3.84336 -0.13974
3.84337 -0.14100
3.84338 -0.14226
3.84339 -0.14354
3.84340 -0.14482
3.84341 -0.14612
3.84342 -0.14743
3.84343 -0.14875
3.84344 -0.15007
3.84345 -0.15141
3.84346 -0.15277
3.84347 -0.15413
3.84348 -0.15551
3.84349 -0.15689
3.84350 -0.15829
3.84351 -0.15971
3.84352 -0.16113
3.84353 -0.16257
3.84354 -0.16403
3.84355 -0.16549
3.84356 -0.16697
3.84357 -0.16847
3.84358 -0.16998
3.84359 -0.17150
3.84360 -0.17304
3.84361 -0.17460
3.84362 -0.17617
3.84363 -0.17775
3.84364 -0.17936
3.84365 -0.18098
3.84366 -0.18261
3.84367 -0.18427
3.84368 -0.18594
3.84369 -0.18763
3.84370 -0.18934
3.84371 -0.19106
3.84372 -0.19281
3.84373 -0.19458
3.84374 -0.19636
3.84375 -0.19817
3.84376 -0.20000
3.84377 -0.20184
3.84378 -0.20371
3.84379 -0.20561
3.84380 -0.20752
3.84381 -0.20946
3.84382 -0.21142
3.84383 -0.21340
3.84384 -0.21541
3.84385 -0.21744
3.84386 -0.21949
3.84387 -0.22157
3.84388 -0.22368
3.84389 -0.22580
3.84390 -0.22796
3.84391 -0.23013
3.84392 -0.23233
3.84393 -0.23456
3.84394 -0.23680
3.84395 -0.23907
3.84396 -0.24135
3.84397 -0.24366
3.84398 -0.24597
3.84399 -0.24830
3.84400 -0.25063
3.84401 -0.25297
3.84402 -0.25529
3.84403 -0.25760
3.84404 -0.25986
3.84405 -0.26207
3.84406 -0.26419
3.84407 -0.26615
3.84408 -0.26788
3.84409 -0.26916
3.84410 -0.26954
3.84411 -0.26713
3.84412 -0.26501
3.84413 -0.27673
3.84414 -0.28365
3.84415 -0.28942
3.84416 -0.29470
3.84417 -0.29973
3.84418 -0.30461
3.84419 -0.30943
3.84420 -0.31422
3.84421 -0.31901
3.84422 -0.32383
3.84423 -0.32869
3.84424 -0.33361
3.84425 -0.33861
3.84426 -0.34370
3.84427 -0.34890
3.84428 -0.35422
3.84429 -0.35967
3.84430 -0.36529
3.84431 -0.37108
3.84432 -0.37707
3.84433 -0.38328
3.84434 -0.38973
3.84435 -0.39647
3.84436 -0.40350
3.84437 -0.41087
3.84438 -0.41862
3.84439 -0.42679
3.84440 -0.43543
3.84441 -0.44459
3.84442 -0.45434
3.84443 -0.46478
3.84444 -0.47599
3.84445 -0.48812
3.84446 -0.50130
3.84447 -0.51576
3.84448 -0.53177
3.84449 -0.54969
3.84450 -0.57005
3.84451 -0.59361
3.84452 -0.62157
3.84453 -0.65597
3.84454 -0.70069
3.84455 -0.76468
3.84456 -0.87862
3.84457 -1.17637
3.84458 -0.84220
3.84459 -0.74654
3.84460 -0.68859
3.84461 -0.64689
3.84462 -0.61430
3.84463 -0.58754
3.84464 -0.56484
3.84465 -0.54513
3.84466 -0.52770
3.84467 -0.51210
3.84468 -0.49796
3.84469 -0.48504
3.84470 -0.47315
3.84471 -0.46213
3.84472 -0.45186
3.84473 -0.44225
3.84474 -0.43323
3.84475 -0.42471
3.84476 -0.41665
3.84477 -0.40900
3.84478 -0.40172
3.84479 -0.39478
3.84480 -0.38815
3.84481 -0.38179
3.84482 -0.37570
3.84483 -0.36984
3.84484 -0.36420
3.84485 -0.35877
3.84486 -0.35352
3.84487 -0.34846
3.84488 -0.34356
3.84489 -0.33881
3.84490 -0.33421
3.84491 -0.32974
3.84492 -0.32541
3.84493 -0.32120
3.84494 -0.31710
3.84495 -0.31311
3.84496 -0.30922
3.84497 -0.30543
3.84498 -0.30174
3.84499 -0.29813
3.84500 -0.29461
3.84501 -0.29117
3.84502 -0.28780
3.84503 -0.28451
3.84504 -0.28129
3.84505 -0.27814
3.84506 -0.27505
3.84507 -0.27203
3.84508 -0.26906
3.84509 -0.26616
3.84510 -0.26330
3.84511 -0.26050
3.84512 -0.25775
3.84513 -0.25505
3.84514 -0.25240
3.84515 -0.24980
3.84516 -0.24724
3.84517 -0.24472
3.84518 -0.24224
3.84519 -0.23981
3.84520 -0.23741
3.84521 -0.23505
3.84522 -0.23272
3.84523 -0.23044
3.84524 -0.22818
3.84525 -0.22596
3.84526 -0.22377
3.84527 -0.22162
3.84528 -0.21949
3.84529 -0.21739
3.84530 -0.21533
3.84531 -0.21329
3.84532 -0.21127
3.84533 -0.20929
3.84534 -0.20733
3.84535 -0.20539
3.84536 -0.20348
3.84537 -0.20160
3.84538 -0.19973
3.84539 -0.19789
3.84540 -0.19608
3.84541 -0.19428
3.84542 -0.19250
3.84543 -0.19075
3.84544 -0.18902
3.84545 -0.18730
3.84546 -0.18561
3.84547 -0.18393
3.84548 -0.18227
3.84549 -0.18063
3.84550 -0.17901
3.84551 -0.17741
3.84552 -0.17582
3.84553 -0.17425
3.84554 -0.17269
3.84555 -0.17116
3.84556 -0.16963
3.84557 -0.16812
3.84558 -0.16663
3.84559 -0.16515
3.84560 -0.16369
3.84561 -0.16224
3.84562 -0.16080
3.84563 -0.15938
3.84564 -0.15797
3.84565 -0.15658
3.84566 -0.15519
3.84567 -0.15382
3.84568 -0.15246
3.84569 -0.15112
3.84570 -0.14978
3.84571 -0.14846
3.84572 -0.14715
3.84573 -0.14585
3.84574 -0.14456
3.84575 -0.14328
3.84576 -0.14202
3.84577 -0.14076
3.84578 -0.13952
3.84579 -0.13828
3.84580 -0.13705
3.84581 -0.13584
3.84582 -0.13463
3.84583 -0.13344
3.84584 -0.13225
3.84585 -0.13107
3.84586 -0.12990
3.84587 -0.12874
3.84588 -0.12759
3.84589 -0.12645
3.84590 -0.12532
3.84591 -0.12419
3.84592 -0.12308
3.84593 -0.12197
3.84594 -0.12087
3.84595 -0.11978
3.84596 -0.11869
3.84597 -0.11762
3.84598 -0.11655
3.84599 -0.11549
3.84600 -0.11443
3.84601 -0.11338
3.84602 -0.11234
3.84603 -0.11131
3.84604 -0.11029
3.84605 -0.10927
3.84606 -0.10826
3.84607 -0.10725
3.84608 -0.10625
3.84609 -0.10526
3.84610 -0.10428
3.84611 -0.10330
3.84612 -0.10233
3.84613 -0.10136
3.84614 -0.10040
3.84615 -0.09945
3.84616 -0.09850
3.84617 -0.09756
3.84618 -0.09662
3.84619 -0.09569
3.84620 -0.09477
3.84621 -0.09385
3.84622 -0.09293
3.84623 -0.09202
3.84624 -0.09112
3.84625 -0.09022
3.84626 -0.08933
3.84627 -0.08845
3.84628 -0.08757
3.84629 -0.08669
3.84630 -0.08582
3.84631 -0.08495
3.84632 -0.08409
3.84633 -0.08323
3.84634 -0.08238
3.84635 -0.08154
3.84636 -0.08069
3.84637 -0.07986
3.84638 -0.07902
3.84639 -0.07819
3.84640 -0.07737
3.84641 -0.07655
3.84642 -0.07574
3.84643 -0.07493
3.84644 -0.07412
3.84645 -0.07332
3.84646 -0.07252
3.84647 -0.07173
3.84648 -0.07094
3.84649 -0.07015
3.84650 -0.06937
3.84651 -0.06860
3.84652 -0.06782
3.84653 -0.06705
3.84654 -0.06629
3.84655 -0.06553
3.84656 -0.06477
3.84657 -0.06402
3.84658 -0.06327
3.84659 -0.06252
3.84660 -0.06178
3.84661 -0.06104
3.84662 -0.06030
3.84663 -0.05957
3.84664 -0.05884
3.84665 -0.05812
3.84666 -0.05740
3.84667 -0.05668
3.84668 -0.05597
3.84669 -0.05526
3.84670 -0.05455
3.84671 -0.05384
3.84672 -0.05314
3.84673 -0.05245
3.84674 -0.05175
3.84675 -0.05106
3.84676 -0.05037
3.84677 -0.04969
3.84678 -0.04901
3.84679 -0.04833
3.84680 -0.04765
3.84681 -0.04698
3.84682 -0.04631
3.84683 -0.04564
3.84684 -0.04498
3.84685 -0.04432
3.84686 -0.04366
3.84687 -0.04301
3.84688 -0.04235
3.84689 -0.04171
3.84690 -0.04106
3.84691 -0.04042
3.84692 -0.03977
3.84693 -0.03914
3.84694 -0.03850
3.84695 -0.03787
3.84696 -0.03724
3.84697 -0.03661
3.84698 -0.03599
3.84699 -0.03536
3.84700 -0.03474
3.84701 -0.03413
3.84702 -0.03351
3.84703 -0.03290
3.84704 -0.03229
3.84705 -0.03169
3.84706 -0.03108
3.84707 -0.03048
3.84708 -0.02988
3.84709 -0.02928
3.84710 -0.02869
3.84711 -0.02809
3.84712 -0.02750
3.84713 -0.02692
3.84714 -0.02633
3.84715 -0.02575
3.84716 -0.02516
3.84717 -0.02459
3.84718 -0.02401
3.84719 -0.02343
3.84720 -0.02286
3.84721 -0.02229
3.84722 -0.02172
3.84723 -0.02115
3.84724 -0.02059
3.84725 -0.02003
3.84726 -0.01947
3.84727 -0.01891
3.84728 -0.01835
3.84729 -0.01779
3.84730 -0.01724
3.84731 -0.01669
3.84732 -0.01614
3.84733 -0.01559
3.84734 -0.01504
3.84735 -0.01449
3.84736 -0.01395
3.84737 -0.01341
3.84738 -0.01287
3.84739 -0.01233
3.84740 -0.01179
3.84741 -0.01126
3.84742 -0.01072
3.84743 -0.01019
3.84744 -0.00967
3.84745 -0.00914
3.84746 -0.00862
3.84747 -0.00811
3.84748 -0.00760
3.84749 -0.00710
3.84750 -0.00661
3.84751 -0.00613
3.84752 -0.00566
3.84753 -0.00521
3.84754 -0.00478
3.84755 -0.00439
3.84756 -0.00403
3.84757 -0.00373
3.84758 -0.00351
3.84759 -0.00339
3.84760 -0.00341
3.84761 -0.00360
3.84762 -0.00396
3.84763 -0.00450
3.84764 -0.00517
3.84765 -0.00595
3.84766 -0.00682
3.84767 -0.00775
3.84768 -0.00873
3.84769 -0.00975
3.84770 -0.01081
3.84771 -0.01189
3.84772 -0.01301
3.84773 -0.01415
3.84774 -0.01532
3.84775 -0.01651
3.84776 -0.01773
3.84777 -0.01897
3.84778 -0.02024
3.84779 -0.02153
3.84780 -0.02285
3.84781 -0.02420
3.84782 -0.02558
3.84783 -0.02698
3.84784 -0.02841
3.84785 -0.02987
3.84786 -0.03137
3.84787 -0.03289
3.84788 -0.03446
3.84789 -0.03605
3.84790 -0.03768
3.84791 -0.03936
3.84792 -0.04107
3.84793 -0.04282
3.84794 -0.04462
3.84795 -0.04646
3.84796 -0.04835
3.84797 -0.05030
3.84798 -0.05229
3.84799 -0.05435
3.84800 -0.05646
3.84801 -0.05863
3.84802 -0.06088
3.84803 -0.06319
3.84804 -0.06558
3.84805 -0.06805
3.84806 -0.07061
3.84807 -0.07326
3.84808 -0.07601
3.84809 -0.07887
3.84810 -0.08184
3.84811 -0.08494
3.84812 -0.08818
3.84813 -0.09156
3.84814 -0.09511
3.84815 -0.09883
3.84816 -0.10276
3.84817 -0.10690
3.84818 -0.11129
3.84819 -0.11596
3.84820 -0.12094
3.84821 -0.12628
3.84822 -0.13204
3.84823 -0.13828
3.84824 -0.14509
3.84825 -0.15259
3.84826 -0.16094
3.84827 -0.17033
3.84828 -0.18109
3.84829 -0.19366
3.84830 -0.20878
3.84831 -0.22776
3.84832 -0.25327
3.84833 -0.29225
3.84834 -0.37821
3.84835 -0.36787
3.84836 -0.28872
3.84837 -0.25105
3.84838 -0.22607
3.84839 -0.20736
3.84840 -0.19238
3.84841 -0.17989
3.84842 -0.16918
3.84843 -0.15980
3.84844 -0.15146
3.84845 -0.14395
3.84846 -0.13711
3.84847 -0.13084
3.84848 -0.12506
3.84849 -0.11968
3.84850 -0.11465
3.84851 -0.10994
3.84852 -0.10551
3.84853 -0.10131
3.84854 -0.09734
3.84855 -0.09357
3.84856 -0.08999
3.84857 -0.08657
3.84858 -0.08330
3.84859 -0.08013
3.84860 -0.07701
3.84861 -0.07405
3.84862 -0.07248
3.84863 -0.06797
3.84864 -0.06265
3.84865 -0.06338
3.84866 -0.06128
3.84867 -0.05859
3.84868 -0.05639
3.84869 -0.05426
3.84870 -0.05206
3.84871 -0.04988
3.84872 -0.04778
3.84873 -0.04577
3.84874 -0.04382
3.84875 -0.04193
3.84876 -0.04010
3.84877 -0.03831
3.84878 -0.03656
3.84879 -0.03484
3.84880 -0.03314
3.84881 -0.03148
3.84882 -0.02984
3.84883 -0.02823
3.84884 -0.02665
3.84885 -0.02510
3.84886 -0.02358
3.84887 -0.02210
3.84888 -0.02065
3.84889 -0.01923
3.84890 -0.01784
3.84891 -0.01648
3.84892 -0.01514
3.84893 -0.01383
3.84894 -0.01253
3.84895 -0.01126
3.84896 -0.01000
3.84897 -0.00875
3.84898 -0.00752
3.84899 -0.00632
3.84900 -0.00517
3.84901 -0.00413
3.84902 -0.00332
3.84903 -0.00305
3.84904 -0.00373
3.84905 -0.00539
3.84906 -0.00766
3.84907 -0.01031
3.84908 -0.01325
3.84909 -0.01649
3.84910 -0.02007
3.84911 -0.02404
3.84912 -0.02852
3.84913 -0.03362
3.84914 -0.03956
3.84915 -0.04664
3.84916 -0.05541
3.84917 -0.06688
3.84918 -0.08350
3.84919 -0.11395
3.84920 -0.16938
3.84921 -0.09934
3.84922 -0.07606
3.84923 -0.06175
3.84924 -0.05146
3.84925 -0.04366
3.84926 -0.03999
3.84927 -0.03079
3.84928 -0.02532
3.84929 -0.02025
3.84930 -0.01595
3.84931 -0.01269
3.84932 -0.00865
3.84933 -0.00517
3.84934 -0.00345
3.84935 -0.00019
3.84936 -0.00734
3.84937 -0.01915
3.84938 -0.04281
3.84939 -0.02650
3.84940 -0.01052
3.84941 -0.00268
3.84942 -0.00415
3.84943 -0.00251
3.84944 0.00790
3.84945 0.01170
3.84946 0.01531
3.84947 0.01585
3.84948 0.01745
3.84949 0.01857
3.84950 0.02303
3.84951 0.02458
3.84952 0.02883
3.84953 0.02824
3.84954 0.03075
3.84955 0.01809
3.84956 0.02383
3.84957 0.02990
3.84958 0.03172
3.84959 0.03730
3.84960 0.02684
3.84961 0.03053
3.84962 0.02021
3.84963 -0.00800
3.84964 0.00061
3.84965 0.02051
3.84966 0.03094
3.84967 0.03153
3.84968 0.03262
3.84969 0.03680
3.84970 0.03733
3.84971 0.04118
3.84972 0.04312
3.84973 0.04184
3.84974 0.02994
3.84975 0.04201
3.84976 0.04705
3.84977 0.04933
3.84978 0.05171
3.84979 0.05078
3.84980 0.05204
3.84981 0.05089
3.84982 0.05070
3.84983 0.04904
3.84984 0.04773
3.84985 0.05115
3.84986 0.05422
3.84987 0.05148
3.84988 0.05402
3.84989 0.05323
3.84990 0.04831
3.84991 0.05535
3.84992 0.05170
3.84993 0.06097
3.84994 0.05833
3.84995 0.05384
3.84996 0.05455
3.84997 0.06073
3.84998 0.05403
3.84999 0.00039
3.85000 0.02572
3.85001 0.04657
3.85002 0.05334
3.85003 0.05965
3.85004 0.05237
3.85005 0.05211
3.85006 0.05543
3.85007 0.05873
3.85008 0.05777
3.85009 0.06023
3.85010 0.06275
3.85011 0.05974
3.85012 0.05860
3.85013 0.06744
3.85014 0.05898
3.85015 0.06028
3.85016 0.06689
3.85017 0.06224
3.85018 0.06731
3.85019 0.06671
3.85020 0.05793
3.85021 0.05045
3.85022 0.06810
3.85023 0.06096
3.85024 0.05760
3.85025 0.06668
3.85026 0.07004
3.85027 0.05980
3.85028 0.06001
3.85029 0.06974
3.85030 0.05836
3.85031 0.03094
3.85032 0.00035
3.85033 -0.20120
3.85034 -0.06479
3.85035 -0.03068
3.85036 0.00423
3.85037 -0.00538
3.85038 -0.01362
3.85039 -0.04545
3.85040 -0.00589
3.85041 0.00316
3.85042 0.02009
3.85043 -0.00067
3.85044 0.02958
3.85045 0.04628
3.85046 0.04720
3.85047 0.05089
3.85048 0.05972
3.85049 0.06711
3.85050 0.05158
3.85051 0.06922
3.85052 0.06053
3.85053 0.06687
3.85054 0.06158
3.85055 0.07089
3.85056 0.07848
3.85057 0.07048
3.85058 0.07451
3.85059 0.07602
3.85060 0.06571
3.85061 0.07312
3.85062 0.07254
3.85063 0.05758
3.85064 0.00846
3.85065 0.06165
3.85066 0.07800
3.85067 0.07488
3.85068 0.07147
3.85069 0.08073
3.85070 0.07642
3.85071 0.07987
3.85072 0.07684
3.85073 0.08141
3.85074 0.08208
3.85075 0.08113
3.85076 0.08366
3.85077 0.07989
3.85078 0.07436
3.85079 0.08792
3.85080 0.07922
3.85081 0.08432
3.85082 0.08838
3.85083 0.08153
3.85084 0.08369
3.85085 0.08575
3.85086 0.08502
3.85087 0.08891
3.85088 0.00849
3.85089 0.06625
3.85090 0.07810
3.85091 0.07911
3.85092 0.08772
3.85093 0.08357
3.85094 0.09093
3.85095 0.08571
3.85096 0.08496
3.85097 0.08411
3.85098 0.09728
3.85099 0.07693
3.85100 0.08583
3.85101 0.09521
3.85102 0.09250
3.85103 0.09602
3.85104 0.09936
3.85105 0.09014
3.85106 0.08309
3.85107 0.10071
3.85108 0.09799
3.85109 0.09485
3.85110 0.09129
3.85111 0.09399
3.85112 0.09870
3.85113 0.10148
3.85114 0.09799
3.85115 0.10427
3.85116 0.10063
3.85117 0.10381
3.85118 0.09899
3.85119 0.10640
3.85120 0.10195
3.85121 0.10451
3.85122 0.10183
3.85123 0.09400
3.85124 0.10861
3.85125 0.09961
3.85126 0.10867
3.85127 0.10626
3.85128 0.10735
3.85129 0.10733
3.85130 0.09057
3.85131 0.10981
3.85132 0.11042
3.85133 0.11375
3.85134 0.09952
3.85135 0.10347
3.85136 0.11591
3.85137 0.09830
3.85138 0.10179
3.85139 0.10932
3.85140 0.10428
3.85141 0.10297
3.85142 0.09483
3.85143 0.11043
3.85144 0.10812
3.85145 0.11073
3.85146 0.10560
3.85147 0.09371
3.85148 0.10356
3.85149 0.10025
3.85150 0.01142
3.85151 0.02019
3.85152 0.09968
3.85153 0.09745
3.85154 0.09597
3.85155 0.10685
3.85156 0.11421
3.85157 0.10939
3.85158 0.09749
3.85159 0.10401
3.85160 0.10767
3.85161 0.11156
3.85162 0.11824
3.85163 0.09867
3.85164 0.10707
3.85165 0.10679
3.85166 0.10173
3.85167 0.10845
3.85168 0.09754
3.85169 0.10259
3.85170 0.10818
3.85171 0.11102
3.85172 0.11024
3.85173 0.11633
3.85174 0.10749
3.85175 0.09966
3.85176 0.11077
3.85177 0.10439
3.85178 0.10265
3.85179 0.11691
3.85180 0.11266
3.85181 0.09956
3.85182 0.11027
3.85183 0.10883
3.85184 0.11433
3.85185 0.08637
3.85186 0.10039
3.85187 0.11389
3.85188 0.11839
3.85189 0.11176
3.85190 0.11731
3.85191 0.11075
3.85192 0.11155
3.85193 0.11411
3.85194 0.11948
3.85195 0.11618
3.85196 0.12090
3.85197 0.11248
3.85198 0.11388
3.85199 0.11061
3.85200 0.11015
3.85201 0.11607
3.85202 0.11741
3.85203 0.10107
3.85204 0.10956
3.85205 0.11250
3.85206 0.11241
3.85207 0.09868
3.85208 0.09287
3.85209 -0.00233
3.85210 -0.01351
3.85211 -0.06221
3.85212 -0.02857
3.85213 0.02823
3.85214 -0.01225
3.85215 -0.05375
3.85216 -0.00052
3.85217 0.00927
3.85218 0.03398
3.85219 0.01743
3.85220 0.05883
3.85221 0.09209
3.85222 0.09331
3.85223 0.10729
3.85224 0.08967
3.85225 0.10407
3.85226 0.11015
3.85227 0.11205
3.85228 0.11388
3.85229 0.10314
3.85230 0.10306
3.85231 0.10971
3.85232 0.10700
3.85233 0.11309
3.85234 0.11427
3.85235 0.10806
3.85236 0.12302
3.85237 0.11961
3.85238 0.11466
3.85239 0.10622
3.85240 0.12110
3.85241 0.12058
3.85242 0.11905
3.85243 0.10437
3.85244 0.11338
3.85245 0.12254
3.85246 0.11303
3.85247 0.06421
3.85248 0.10664
3.85249 0.10145
3.85250 0.11605
3.85251 0.12990
3.85252 0.11266
3.85253 0.12288
3.85254 0.11187
3.85255 0.11551
3.85256 0.09787
3.85257 0.12854
3.85258 0.11631
3.85259 0.11905
3.85260 0.11688
3.85261 0.12321
3.85262 0.11835
3.85263 0.11082
3.85264 0.11431
3.85265 0.12328
3.85266 0.11744
3.85267 0.11966
3.85268 0.11353
3.85269 0.12232
3.85270 0.08109
3.85271 0.09993
3.85272 0.10883
3.85273 0.11620
3.85274 0.12086
3.85275 0.11183
3.85276 0.12702
3.85277 0.11481
3.85278 0.11952
3.85279 0.11060
3.85280 0.11811
3.85281 0.12477
3.85282 0.11922
3.85283 0.12037
3.85284 0.11956
3.85285 0.11898
3.85286 0.12788
3.85287 0.12309
3.85288 0.12158
3.85289 0.11452
3.85290 0.12437
3.85291 0.12347
3.85292 0.12127
3.85293 0.11278
3.85294 0.12201
3.85295 0.12415
3.85296 0.12230
3.85297 0.12292
3.85298 0.13208
3.85299 0.12663
3.85300 0.12677
3.85301 0.12871
3.85302 0.12375
3.85303 0.13351
3.85304 0.13253
3.85305 0.12217
3.85306 0.12629
3.85307 0.13167
3.85308 0.12776
3.85309 0.13049
3.85310 0.13003
3.85311 0.11742
3.85312 0.12650
3.85313 0.13406
3.85314 0.13586
3.85315 0.13331
3.85316 0.13445
3.85317 0.12070
3.85318 0.12050
3.85319 0.12678
3.85320 0.13388
3.85321 0.13285
3.85322 0.13941
3.85323 0.12380
3.85324 0.12420
3.85325 0.13045
3.85326 0.12452
3.85327 0.13639
3.85328 0.12119
3.85329 0.12011
3.85330 0.13058
3.85331 0.13931
3.85332 0.13121
3.85333 0.12611
3.85334 0.13238
3.85335 0.12625
3.85336 0.13213
3.85337 0.13594
3.85338 0.13389
3.85339 0.13174
3.85340 0.13011
3.85341 0.12142
3.85342 0.11966
3.85343 0.12006
3.85344 0.12279
3.85345 0.12917
3.85346 0.13582
3.85347 0.12452
3.85348 0.12322
3.85349 0.11815
3.85350 0.13593
3.85351 0.12972
3.85352 0.14000
3.85353 0.11959
3.85354 0.11780
3.85355 0.12397
3.85356 0.11883
3.85357 0.11745
3.85358 0.12130
3.85359 0.09003
3.85360 0.09253
3.85361 0.05304
3.85362 -0.04075
3.85363 -0.07347
3.85364 -0.10668
3.85365 -0.14631
3.85366 -0.20181
3.85367 -0.31249
3.85368 -0.32740
3.85369 -0.21711
3.85370 -0.16836
3.85371 -0.13720
3.85372 -0.11447
3.85373 -0.09668
3.85374 -0.08213
3.85375 -0.06985
3.85376 -0.05926
3.85377 -0.04996
3.85378 -0.04168
3.85379 -0.03423
3.85380 -0.02746
3.85381 -0.02127
3.85382 -0.01557
3.85383 -0.01030
3.85384 -0.00554
3.85385 -0.00302
3.85386 -0.01054
3.85387 -0.02279
3.85388 -0.03955
3.85389 -0.06490
3.85390 -0.11822
3.85391 -0.12405
3.85392 -0.06726
3.85393 -0.04133
3.85394 -0.02423
3.85395 -0.01156
3.85396 -0.00372
3.85397 -0.03056
3.85398 -0.01933
3.85399 -0.01730
3.85400 0.01182
3.85401 0.02519
3.85402 0.01705
3.85403 0.03691
3.85404 0.03932
3.85405 0.04078
3.85406 0.04465
3.85407 -0.03206
3.85408 0.03403
3.85409 0.04609
3.85410 0.04683
3.85411 0.05466
3.85412 0.05754
3.85413 0.08345
3.85414 0.10259
3.85415 0.09313
3.85416 0.10123
3.85417 0.10027
3.85418 0.10573
3.85419 0.12619
3.85420 0.10452
3.85421 0.10955
3.85422 0.11154
3.85423 0.11025
3.85424 0.13309
3.85425 0.12966
3.85426 0.12113
3.85427 0.10737
3.85428 0.11416
3.85429 0.11984
3.85430 0.12156
3.85431 0.12900
3.85432 0.13441
3.85433 0.12745
3.85434 0.13156
3.85435 0.11931
3.85436 0.13491
3.85437 0.12348
3.85438 0.12471
3.85439 0.13212
3.85440 0.13692
3.85441 0.14065
3.85442 0.13075
3.85443 0.14111
3.85444 0.13013
3.85445 0.12751
3.85446 0.12823
3.85447 0.15019
3.85448 0.15184
3.85449 0.12887
3.85450 0.13588
3.85451 0.14610
3.85452 0.10216
3.85453 0.14767
3.85454 0.14321
3.85455 0.14421
3.85456 0.14812
3.85457 0.14360
3.85458 0.14250
3.85459 0.14818
3.85460 0.14779
3.85461 0.13507
3.85462 0.14289
3.85463 0.14254
3.85464 0.11165
3.85465 0.12639
3.85466 0.14252
3.85467 0.13995
3.85468 0.13502
3.85469 0.14308
3.85470 0.14707
3.85471 0.15413
3.85472 0.14234
3.85473 0.14735
3.85474 0.14386
3.85475 0.14691
3.85476 0.14842
3.85477 0.14971
3.85478 0.14721
3.85479 0.14890
3.85480 0.15054
3.85481 0.14230
3.85482 0.15405
3.85483 0.16469
3.85484 0.14918
3.85485 0.14525
3.85486 0.15036
3.85487 0.15756
3.85488 0.13877
3.85489 0.14593
3.85490 0.14944
3.85491 0.15990
3.85492 0.15964
3.85493 0.16194
3.85494 0.15325
3.85495 0.15524
3.85496 0.13493
3.85497 0.15583
3.85498 0.14872
3.85499 -0.07756
3.85500 -0.02128
3.85501 0.03251
3.85502 0.14984
3.85503 0.13132
3.85504 0.13860
3.85505 0.12952
3.85506 0.15266
3.85507 0.13575
3.85508 0.15073
3.85509 0.14970
3.85510 0.15683
3.85511 0.13366
3.85512 0.14006
3.85513 0.13553
3.85514 0.14378
3.85515 0.14804
3.85516 0.14198
3.85517 0.15188
3.85518 0.15917
3.85519 0.15370
3.85520 0.16161
3.85521 0.14806
3.85522 0.15717
3.85523 0.15041
3.85524 0.16275
3.85525 0.15456
3.85526 0.15886
3.85527 0.16172
3.85528 0.15384
3.85529 0.13375
3.85530 0.14427
3.85531 0.15811
3.85532 0.15911
3.85533 0.16667
3.85534 0.16282
3.85535 0.16206
3.85536 0.15726
3.85537 0.16765
3.85538 0.16406
3.85539 0.16509
3.85540 0.16629
3.85541 0.15025
3.85542 0.16965
3.85543 0.16440
3.85544 0.16407
3.85545 0.16155
3.85546 0.16527
3.85547 0.15900
3.85548 0.14885
3.85549 0.16094
3.85550 0.16964
3.85551 0.16475
3.85552 0.16392
3.85553 0.16925
3.85554 0.16804
3.85555 0.14619
3.85556 0.15797
3.85557 0.16982
3.85558 0.16038
3.85559 0.17637
3.85560 0.16877
3.85561 0.15646
3.85562 0.16740
3.85563 0.17189
3.85564 0.16827
3.85565 0.17189
3.85566 0.15990
3.85567 0.16630
3.85568 0.17498
3.85569 0.17505
3.85570 0.16895
3.85571 0.16847
3.85572 0.17055
3.85573 0.16870
3.85574 0.17837
3.85575 0.16386
3.85576 0.17375
3.85577 0.17877
3.85578 0.17002
3.85579 0.16572
3.85580 0.17346
3.85581 0.17350
3.85582 0.17009
3.85583 0.16403
3.85584 0.17504
3.85585 0.16906
3.85586 0.17460
3.85587 0.16388
3.85588 0.18103
3.85589 0.17444
3.85590 0.17827
3.85591 0.17151
3.85592 0.16757
3.85593 0.17516
3.85594 0.17671
3.85595 0.17314
3.85596 0.16355
3.85597 0.17481
3.85598 0.17220
3.85599 0.12399
3.85600 0.02250
3.85601 -0.01056
3.85602 0.09628
3.85603 0.16075
3.85604 0.14915
3.85605 0.15618
3.85606 0.16358
3.85607 0.16092
3.85608 0.15144
3.85609 0.16164
3.85610 0.17943
3.85611 0.18013
3.85612 0.17860
3.85613 0.18166
3.85614 0.16822
3.85615 0.17915
3.85616 0.17300
3.85617 0.16470
3.85618 0.17065
3.85619 0.17006
3.85620 0.17706
3.85621 0.17298
3.85622 0.17973
3.85623 0.17704
3.85624 0.17998
3.85625 0.18705
3.85626 0.16934
3.85627 0.17569
3.85628 0.17462
3.85629 0.18295
3.85630 0.17667
3.85631 0.18092
3.85632 0.18530
3.85633 0.17611
3.85634 0.17363
3.85635 0.17219
3.85636 0.16963
3.85637 0.18312
3.85638 0.18316
3.85639 0.18141
3.85640 0.19000
3.85641 0.16435
3.85642 0.17375
3.85643 0.18561
3.85644 0.18559
3.85645 0.17664
3.85646 0.18082
3.85647 0.18676
3.85648 0.17775
3.85649 0.18941
3.85650 0.18404
3.85651 0.19206
3.85652 0.18780
3.85653 0.19603
3.85654 0.19234
3.85655 0.19060
3.85656 0.18647
3.85657 0.19316
3.85658 0.19666
3.85659 0.19922
3.85660 0.19198
3.85661 0.19865
3.85662 0.19736
3.85663 0.18896
3.85664 0.19401
3.85665 0.19703
3.85666 0.19745
3.85667 0.18657
3.85668 0.18850
3.85669 0.19429
3.85670 0.19718
3.85671 0.19172
3.85672 0.19393
3.85673 0.19904
3.85674 0.20172
3.85675 0.20062
3.85676 0.20344
3.85677 0.20532
3.85678 0.19654
3.85679 0.19857
3.85680 0.20780
3.85681 0.20918
3.85682 0.20926
3.85683 0.23654
3.85684 0.21570
3.85685 0.23732
3.85686 0.22049
3.85687 0.22133
3.85688 0.22166
3.85689 0.22978
3.85690 0.24290
3.85691 0.22282
3.85692 0.23469
3.85693 0.23372
3.85694 0.25797
3.85695 0.25869
3.85696 0.25990
3.85697 0.27655
3.85698 0.25022
3.85699 0.25423
3.85700 0.27394
3.85701 0.26146
3.85702 0.28678
3.85703 0.28667
3.85704 0.25321
3.85705 0.26040
3.85706 0.23563
3.85707 0.28495
3.85708 0.22998
3.85709 0.23842
3.85710 0.24181
3.85711 0.27819
3.85712 0.25182
3.85713 0.26431
3.85714 0.27755
3.85715 0.24251
3.85716 0.27338
3.85717 0.26309
3.85718 0.25757
3.85719 0.27040
3.85720 0.28544
3.85721 0.25949
3.85722 0.24220
3.85723 0.24991
3.85724 0.24848
3.85725 0.24961
3.85726 0.26253
3.85727 0.28061
3.85728 0.29643
3.85729 0.29483
3.85730 0.24850
3.85731 0.29503
3.85732 0.27659
3.85733 0.27643
3.85734 0.25443
3.85735 0.26101
3.85736 0.30451
3.85737 0.27339
3.85738 0.28810
3.85739 0.24383
3.85740 0.28482
3.85741 0.30986
3.85742 0.29475
3.85743 0.28147
3.85744 0.28994
3.85745 0.28006
3.85746 0.24413
3.85747 0.26046
3.85748 0.31472
3.85749 0.29299
3.85750 0.30468
3.85751 0.26272
3.85752 0.27092
3.85753 0.24800
3.85754 0.29066
3.85755 0.26810
3.85756 0.26636
3.85757 0.29512
3.85758 0.30094
3.85759 0.27711
3.85760 0.29778
3.85761 0.28220
3.85762 0.29971
3.85763 0.28859
3.85764 0.30874
3.85765 0.27605
3.85766 0.27391
3.85767 0.28400
3.85768 0.30496
3.85769 0.31111
3.85770 0.32998
3.85771 0.29715
3.85772 0.30394
3.85773 0.29588
3.85774 0.29477
3.85775 0.29522
3.85776 0.26279
3.85777 0.30881
3.85778 0.32008
3.85779 0.28865
3.85780 0.28065
3.85781 0.30073
3.85782 0.29811
3.85783 0.28679
3.85784 0.28281
3.85785 0.30045
3.85786 0.33998
3.85787 0.28634
3.85788 0.28626
3.85789 0.29205
3.85790 0.31424
3.85791 0.29516
3.85792 0.28705
3.85793 0.29104
3.85794 0.28659
3.85795 0.31664
3.85796 0.28758
3.85797 0.28831
3.85798 0.28728
3.85799 0.26794
3.85800 0.28209
3.85801 0.28604
3.85802 0.29190
3.85803 0.28338
3.85804 0.30932
3.85805 0.27488
3.85806 0.26183
3.85807 0.26775
3.85808 0.30051
3.85809 0.30680
3.85810 0.29886
3.85811 0.31324
3.85812 0.28701
3.85813 0.29772
3.85814 0.28697
3.85815 0.28661
3.85816 0.28506
3.85817 0.31087
3.85818 0.31469
3.85819 0.30919
3.85820 0.31926
3.85821 0.28886
3.85822 0.31586
3.85823 0.29696
3.85824 0.31452
3.85825 0.31433
3.85826 0.31973
3.85827 0.33571
3.85828 0.33547
3.85829 0.31230
3.85830 0.32768
3.85831 0.30164
3.85832 0.32831
3.85833 0.32757
3.85834 0.28241
3.85835 0.28910
3.85836 0.29229
3.85837 0.29253
3.85838 0.31431
3.85839 0.32793
3.85840 0.30540
3.85841 0.28635
3.85842 0.31108
3.85843 0.32227
3.85844 0.31188
3.85845 0.30765
3.85846 0.32054
3.85847 0.30761
3.85848 0.32351
3.85849 0.32684
3.85850 0.35046
3.85851 0.30519
3.85852 0.31975
3.85853 0.29342
3.85854 0.30226
3.85855 0.30813
3.85856 0.32402
3.85857 0.31397
3.85858 0.31543
3.85859 0.33362
3.85860 0.31208
3.85861 0.30899
3.85862 0.32247
3.85863 0.32916
3.85864 0.32139
3.85865 0.34143
3.85866 0.31965
3.85867 0.31673
3.85868 0.32262
3.85869 0.31789
3.85870 0.33877
3.85871 0.31842
3.85872 0.30160
3.85873 0.30625
3.85874 0.33751
3.85875 0.32369
3.85876 0.31252
3.85877 0.32743
3.85878 0.34145
3.85879 0.35215
3.85880 0.33817
3.85881 0.32675
3.85882 0.33023
3.85883 0.33101
3.85884 0.31559
3.85885 0.32657
3.85886 0.33092
3.85887 0.32217
3.85888 0.33209
3.85889 0.35166
3.85890 0.34477
3.85891 0.34852
3.85892 0.32137
3.85893 0.33510
3.85894 0.29349
3.85895 0.33801
3.85896 0.32246
3.85897 0.32464
3.85898 0.31971
3.85899 0.33752
3.85900 0.32927
3.85901 0.31201
3.85902 0.34205
3.85903 0.30208
3.85904 0.33699
3.85905 0.33938
3.85906 0.34999
3.85907 0.34511
3.85908 0.33805
3.85909 0.32450
3.85910 0.36539
3.85911 0.31680
3.85912 0.31369
3.85913 0.34848
3.85914 0.32783
3.85915 0.31070
3.85916 0.31219
3.85917 0.34965
3.85918 0.30936
3.85919 0.30934
3.85920 0.33745
3.85921 0.30059
3.85922 0.35340
3.85923 0.33488
3.85924 0.32348
3.85925 0.30060
3.85926 0.32828
3.85927 0.31686
3.85928 0.31381
3.85929 0.33198
3.85930 0.32097
3.85931 0.31423
3.85932 0.33176
3.85933 0.29914
3.85934 0.29871
3.85935 0.31159
3.85936 0.32653
3.85937 0.31271
3.85938 0.31710
3.85939 0.32950
3.85940 0.30028
3.85941 0.33783
3.85942 0.31606
3.85943 0.32480
3.85944 0.31109
3.85945 0.30887
3.85946 0.32892
3.85947 0.32908
3.85948 0.32892
3.85949 0.32880
3.85950 0.32787
3.85951 0.30977
3.85952 0.34089
3.85953 0.32255
3.85954 0.34337
3.85955 0.34040
3.85956 0.33510
3.85957 0.33623
3.85958 0.34583
3.85959 0.33539
3.85960 0.34675
3.85961 0.33821
3.85962 0.33004
3.85963 0.33263
3.85964 0.35952
3.85965 0.33567
3.85966 0.35375
3.85967 0.33095
3.85968 0.32253
3.85969 0.34246
3.85970 0.35805
3.85971 0.33903
3.85972 0.31637
3.85973 0.32112
3.85974 0.35590
3.85975 0.35579
3.85976 0.35543
3.85977 0.32777
3.85978 0.31051
3.85979 0.34041
3.85980 0.34653
3.85981 0.33247
3.85982 0.32652
3.85983 0.30438
3.85984 0.32198
3.85985 0.34308
3.85986 0.32762
3.85987 0.30469
3.85988 0.33692
3.85989 0.35169
3.85990 0.33336
3.85991 0.34681
3.85992 0.37662
3.85993 0.35127
3.85994 0.36427
3.85995 0.31213
3.85996 0.34970
3.85997 0.34323
3.85998 0.32921
3.85999 0.32448
