0.000 0.000
0.001 0.875
0.002 0.827
0.003 0.383
0.004 0.501
0.005 0.501
0.006 0.383
0.007 0.501
0.008 0.827
0.009 0.875
0.010 0.827
0.011 0.827
0.012 0.827
0.013 0.875
0.014 0.875
0.015 0.875
0.016 0.875
0.017 0.875
0.018 0.875
0.019 0.827
0.020 0.827
0.021 0.827
0.022 0.827
0.023 0.875
0.024 0.875
0.025 0.827
0.026 0.827
0.027 0.383
0.028 0.501
0.029 0.501
0.030 0.383
0.031 0.383
0.032 0.383
0.033 0.383
0.034 0.501
0.035 0.501
0.036 0.501
0.037 0.501
0.038 0.501
0.039 0.501
0.040 0.501
0.041 0.501
0.042 0.501
0.043 0.383
0.044 0.383
0.045 0.383
0.046 0.383
0.047 0.383
0.048 0.383
0.049 0.383
0.050 0.383
0.051 0.383
0.052 0.383
0.053 0.383
0.054 0.383
0.055 0.383
0.056 0.383
0.057 0.383
0.058 0.383
0.059 0.383
0.060 0.383
0.061 0.383
0.062 0.383
0.063 0.501
0.064 0.501
0.065 0.501
0.066 0.501
0.067 0.501
0.068 0.501
0.069 0.501
0.070 0.501
0.071 0.501
0.072 0.501
0.073 0.501
0.074 0.501
0.075 0.501
0.076 0.501
0.077 0.383
0.078 0.383
0.079 0.383
0.080 0.383
0.081 0.383
0.082 0.383
0.083 0.383
0.084 0.501
0.085 0.501
0.086 0.501
0.087 0.383
0.088 0.383
0.089 0.501
0.090 0.875
0.091 0.875
0.092 0.827
0.093 0.827
0.094 0.875
0.095 0.875
0.096 0.875
0.097 0.875
0.098 0.875
0.099 0.875
0.100 0.827
0.101 0.827
0.102 0.827
0.103 0.827
0.104 0.827
0.105 0.827
0.106 0.827
0.107 0.827
0.108 0.827
0.109 0.827
0.110 0.827
0.111 0.827
0.112 0.827
0.113 0.875
0.114 0.875
0.115 0.875
0.116 0.875
0.117 0.875
0.118 0.875
0.119 0.875
0.120 0.875
0.121 0.875
0.122 0.875
0.123 0.875
0.124 0.875
0.125 0.875
0.126 0.875
0.127 0.875
0.128 0.875
0.129 0.875
0.130 0.875
0.131 0.875
0.132 0.875
0.133 0.875
0.134 0.875
0.135 0.875
0.136 0.875
0.137 0.875
0.138 0.875
0.139 0.875
0.140 0.875
0.141 0.875
0.142 0.875
0.143 0.827
0.144 0.827
0.145 0.827
0.146 0.827
0.147 0.827
0.148 0.827
0.149 0.827
0.150 0.827
0.151 0.827
0.152 0.827
0.153 0.827
0.154 0.827
0.155 0.827
0.156 0.827
0.157 0.827
0.158 0.827
0.159 0.827
0.160 0.827
0.161 0.827
0.162 0.827
0.163 0.827
0.164 0.827
0.165 0.827
0.166 0.827
0.167 0.827
0.168 0.827
0.169 0.827
0.170 0.827
0.171 0.827
0.172 0.827
0.173 0.827
0.174 0.827
0.175 0.827
0.176 0.827
0.177 0.827
0.178 0.827
0.179 0.827
0.180 0.827
0.181 0.827
0.182 0.827
0.183 0.827
0.184 0.827
0.185 0.827
0.186 0.827
0.187 0.827
0.188 0.827
0.189 0.827
0.190 0.827
0.191 0.827
0.192 0.827
0.193 0.827
0.194 0.827
0.195 0.827
0.196 0.827
0.197 0.827
0.198 0.827
0.199 0.827
0.200 0.827
0.201 0.827
0.202 0.827
0.203 0.827
0.204 0.827
0.205 0.827
0.206 0.875
0.207 0.875
0.208 0.875
0.209 0.875
0.210 0.875
0.211 0.875
0.212 0.875
0.213 0.875
0.214 0.875
0.215 0.875
0.216 0.875
0.217 0.875
0.218 0.875
0.219 0.875
0.220 0.875
0.221 0.875
0.222 0.875
0.223 0.875
0.224 0.875
0.225 0.875
0.226 0.875
0.227 0.875
0.228 0.875
0.229 0.875
0.230 0.875
0.231 0.875
0.232 0.875
0.233 0.875
0.234 0.875
0.235 0.875
0.236 0.875
0.237 0.875
0.238 0.875
0.239 0.875
0.240 0.875
0.241 0.875
0.242 0.875
0.243 0.875
0.244 0.875
0.245 0.875
0.246 0.875
0.247 0.875
0.248 0.827
0.249 0.827
0.250 0.827
0.251 0.827
0.252 0.827
0.253 0.827
0.254 0.827
0.255 0.827
0.256 0.827
0.257 0.827
0.258 0.827
0.259 0.827
0.260 0.827
0.261 0.827
0.262 0.827
0.263 0.827
0.264 0.827
0.265 0.827
0.266 0.827
0.267 0.827
0.268 0.827
0.269 0.875
0.270 0.875
0.271 0.875
0.272 0.875
0.273 0.875
0.274 0.875
0.275 0.875
0.276 0.875
0.277 0.875
0.278 0.827
0.279 0.827
0.280 0.827
0.281 0.827
0.282 0.827
0.283 0.875
0.284 0.875
0.285 0.827
0.286 0.501
0.287 0.501
0.288 0.501
0.289 0.383
0.290 0.383
0.291 0.383
0.292 0.501
0.293 0.501
0.294 0.501
0.295 0.501
0.296 0.501
0.297 0.501
0.298 0.383
0.299 0.383
0.300 0.383
0.301 0.383
0.302 0.383
0.303 0.383
0.304 0.383
0.305 0.383
0.306 0.383
0.307 0.383
0.308 0.383
0.309 0.383
0.310 0.383
0.311 0.383
0.312 0.383
0.313 0.383
0.314 0.501
0.315 0.501
0.316 0.501
0.317 0.501
0.318 0.501
0.319 0.501
0.320 0.501
0.321 0.501
0.322 0.501
0.323 0.501
0.324 0.501
0.325 0.501
0.326 0.501
0.327 0.501
0.328 0.501
0.329 0.501
0.330 0.501
0.331 0.501
0.332 0.501
0.333 0.501
0.334 0.501
0.335 0.501
0.336 0.501
0.337 0.501
0.338 0.501
0.339 0.501
0.340 0.501
0.341 0.501
0.342 0.501
0.343 0.501
0.344 0.501
0.345 0.501
0.346 0.501
0.347 0.501
0.348 0.501
0.349 0.383
0.350 0.383
0.351 0.383
0.352 0.383
0.353 0.383
0.354 0.383
0.355 0.383
0.356 0.383
0.357 0.383
0.358 0.383
0.359 0.383
0.360 0.383
0.361 0.383
0.362 0.383
0.363 0.383
0.364 0.383
0.365 0.383
0.366 0.383
0.367 0.383
0.368 0.383
0.369 0.383
0.370 0.383
0.371 0.383
0.372 0.383
0.373 0.383
0.374 0.383
0.375 0.383
0.376 0.383
0.377 0.383
0.378 0.383
0.379 0.383
0.380 0.383
0.381 0.383
0.382 0.383
0.383 0.383
0.384 0.383
0.385 0.383
0.386 0.383
0.387 0.383
0.388 0.383
0.389 0.383
0.390 0.383
0.391 0.383
0.392 0.383
0.393 0.383
0.394 0.383
0.395 0.383
0.396 0.383
0.397 0.383
0.398 0.383
0.399 0.383
0.400 0.383
0.401 0.383
0.402 0.383
0.403 0.383
0.404 0.383
0.405 0.383
0.406 0.383
0.407 0.383
0.408 0.383
0.409 0.383
0.410 0.383
0.411 0.383
0.412 0.383
0.413 0.383
0.414 0.383
0.415 0.383
0.416 0.383
0.417 0.383
0.418 0.383
0.419 0.383
0.420 0.383
0.421 0.383
0.422 0.383
0.423 0.383
0.424 0.383
0.425 0.383
0.426 0.383
0.427 0.383
0.428 0.383
0.429 0.501
0.430 0.501
0.431 0.501
0.432 0.501
0.433 0.501
0.434 0.501
0.435 0.501
0.436 0.501
0.437 0.501
0.438 0.501
0.439 0.501
0.440 0.501
0.441 0.501
0.442 0.501
0.443 0.501
0.444 0.501
0.445 0.501
0.446 0.501
0.447 0.501
0.448 0.501
0.449 0.501
0.450 0.501
0.451 0.501
0.452 0.501
0.453 0.501
0.454 0.501
0.455 0.501
0.456 0.501
0.457 0.501
0.458 0.501
0.459 0.501
0.460 0.501
0.461 0.501
0.462 0.501
0.463 0.501
0.464 0.501
0.465 0.501
0.466 0.501
0.467 0.501
0.468 0.501
0.469 0.501
0.470 0.501
0.471 0.501
0.472 0.501
0.473 0.501
0.474 0.501
0.475 0.501
0.476 0.501
0.477 0.501
0.478 0.501
0.479 0.501
0.480 0.501
0.481 0.501
0.482 0.501
0.483 0.501
0.484 0.501
0.485 0.501
0.486 0.501
0.487 0.501
0.488 0.501
0.489 0.501
0.490 0.501
0.491 0.501
0.492 0.501
0.493 0.501
0.494 0.501
0.495 0.501
0.496 0.501
0.497 0.501
0.498 0.501
0.499 0.501
0.500 0.501
0.501 0.501
0.502 0.501
0.503 0.501
0.504 0.501
0.505 0.501
0.506 0.501
0.507 0.501
0.508 0.501
0.509 0.501
0.510 0.501
0.511 0.501
0.512 0.501
0.513 0.501
0.514 0.501
0.515 0.501
0.516 0.501
0.517 0.501
0.518 0.501
0.519 0.501
0.520 0.501
0.521 0.501
0.522 0.501
0.523 0.501
0.524 0.501
0.525 0.501
0.526 0.501
0.527 0.501
0.528 0.501
0.529 0.501
0.530 0.501
0.531 0.501
0.532 0.501
0.533 0.501
0.534 0.501
0.535 0.501
0.536 0.501
0.537 0.501
0.538 0.501
0.539 0.501
0.540 0.501
0.541 0.501
0.542 0.501
0.543 0.501
0.544 0.501
0.545 0.501
0.546 0.501
0.547 0.501
0.548 0.501
0.549 0.501
0.550 0.501
0.551 0.501
0.552 0.501
0.553 0.501
0.554 0.501
0.555 0.501
0.556 0.501
0.557 0.501
0.558 0.501
0.559 0.501
0.560 0.501
0.561 0.501
0.562 0.501
0.563 0.501
0.564 0.501
0.565 0.501
0.566 0.501
0.567 0.501
0.568 0.501
0.569 0.501
0.570 0.501
0.571 0.501
0.572 0.383
0.573 0.383
0.574 0.383
0.575 0.383
0.576 0.383
0.577 0.383
0.578 0.383
0.579 0.383
0.580 0.383
0.581 0.383
0.582 0.383
0.583 0.383
0.584 0.383
0.585 0.383
0.586 0.383
0.587 0.383
0.588 0.383
0.589 0.383
0.590 0.383
0.591 0.383
0.592 0.383
0.593 0.383
0.594 0.383
0.595 0.383
0.596 0.383
0.597 0.383
0.598 0.383
0.599 0.383
0.600 0.383
0.601 0.383
0.602 0.383
0.603 0.383
0.604 0.383
0.605 0.383
0.606 0.383
0.607 0.383
0.608 0.383
0.609 0.383
0.610 0.383
0.611 0.383
0.612 0.383
0.613 0.383
0.614 0.383
0.615 0.383
0.616 0.383
0.617 0.383
0.618 0.383
0.619 0.383
0.620 0.383
0.621 0.383
0.622 0.383
0.623 0.383
0.624 0.383
0.625 0.383
0.626 0.383
0.627 0.383
0.628 0.383
0.629 0.383
0.630 0.383
0.631 0.383
0.632 0.383
0.633 0.383
0.634 0.383
0.635 0.383
0.636 0.383
0.637 0.383
0.638 0.383
0.639 0.383
0.640 0.383
0.641 0.383
0.642 0.383
0.643 0.383
0.644 0.383
0.645 0.383
0.646 0.383
0.647 0.383
0.648 0.383
0.649 0.383
0.650 0.383
0.651 0.383
0.652 0.501
0.653 0.501
0.654 0.501
0.655 0.501
0.656 0.501
0.657 0.501
0.658 0.501
0.659 0.501
0.660 0.501
0.661 0.501
0.662 0.501
0.663 0.501
0.664 0.501
0.665 0.501
0.666 0.501
0.667 0.501
0.668 0.501
0.669 0.501
0.670 0.501
0.671 0.501
0.672 0.501
0.673 0.501
0.674 0.501
0.675 0.501
0.676 0.501
0.677 0.501
0.678 0.501
0.679 0.501
0.680 0.501
0.681 0.501
0.682 0.501
0.683 0.501
0.684 0.501
0.685 0.501
0.686 0.501
0.687 0.383
0.688 0.383
0.689 0.383
0.690 0.383
0.691 0.383
0.692 0.383
0.693 0.383
0.694 0.383
0.695 0.383
0.696 0.383
0.697 0.383
0.698 0.383
0.699 0.383
0.700 0.383
0.701 0.383
0.702 0.383
0.703 0.501
0.704 0.501
0.705 0.501
0.706 0.501
0.707 0.501
0.708 0.501
0.709 0.383
0.710 0.383
0.711 0.383
0.712 0.501
0.713 0.501
0.714 0.501
0.715 0.827
0.716 0.875
0.717 0.875
0.718 0.827
0.719 0.827
0.720 0.827
0.721 0.827
0.722 0.827
0.723 0.875
0.724 0.875
0.725 0.875
0.726 0.875
0.727 0.875
0.728 0.875
0.729 0.875
0.730 0.875
0.731 0.875
0.732 0.827
0.733 0.827
0.734 0.827
0.735 0.827
0.736 0.827
0.737 0.827
0.738 0.827
0.739 0.827
0.740 0.827
0.741 0.827
0.742 0.827
0.743 0.827
0.744 0.827
0.745 0.827
0.746 0.827
0.747 0.827
0.748 0.827
0.749 0.827
0.750 0.827
0.751 0.827
0.752 0.827
0.753 0.875
0.754 0.875
0.755 0.875
0.756 0.875
0.757 0.875
0.758 0.875
0.759 0.875
0.760 0.875
0.761 0.875
0.762 0.875
0.763 0.875
0.764 0.875
0.765 0.875
0.766 0.875
0.767 0.875
0.768 0.875
0.769 0.875
0.770 0.875
0.771 0.875
0.772 0.875
0.773 0.875
0.774 0.875
0.775 0.875
0.776 0.875
0.777 0.875
0.778 0.875
0.779 0.875
0.780 0.875
0.781 0.875
0.782 0.875
0.783 0.875
0.784 0.875
0.785 0.875
0.786 0.875
0.787 0.875
0.788 0.875
0.789 0.875
0.790 0.875
0.791 0.875
0.792 0.875
0.793 0.875
0.794 0.875
0.795 0.827
0.796 0.827
0.797 0.827
0.798 0.827
0.799 0.827
0.800 0.827
0.801 0.827
0.802 0.827
0.803 0.827
0.804 0.827
0.805 0.827
0.806 0.827
0.807 0.827
0.808 0.827
0.809 0.827
0.810 0.827
0.811 0.827
0.812 0.827
0.813 0.827
0.814 0.827
0.815 0.827
0.816 0.827
0.817 0.827
0.818 0.827
0.819 0.827
0.820 0.827
0.821 0.827
0.822 0.827
0.823 0.827
0.824 0.827
0.825 0.827
0.826 0.827
0.827 0.827
0.828 0.827
0.829 0.827
0.830 0.827
0.831 0.827
0.832 0.827
0.833 0.827
0.834 0.827
0.835 0.827
0.836 0.827
0.837 0.827
0.838 0.827
0.839 0.827
0.840 0.827
0.841 0.827
0.842 0.827
0.843 0.827
0.844 0.827
0.845 0.827
0.846 0.827
0.847 0.827
0.848 0.827
0.849 0.827
0.850 0.827
0.851 0.827
0.852 0.827
0.853 0.827
0.854 0.827
0.855 0.827
0.856 0.827
0.857 0.827
0.858 0.875
0.859 0.875
0.860 0.875
0.861 0.875
0.862 0.875
0.863 0.875
0.864 0.875
0.865 0.875
0.866 0.875
0.867 0.875
0.868 0.875
0.869 0.875
0.870 0.875
0.871 0.875
0.872 0.875
0.873 0.875
0.874 0.875
0.875 0.875
0.876 0.875
0.877 0.875
0.878 0.875
0.879 0.875
0.880 0.875
0.881 0.875
0.882 0.875
0.883 0.875
0.884 0.875
0.885 0.875
0.886 0.875
0.887 0.875
0.888 0.827
0.889 0.827
0.890 0.827
0.891 0.827
0.892 0.827
0.893 0.827
0.894 0.827
0.895 0.827
0.896 0.827
0.897 0.827
0.898 0.827
0.899 0.827
0.900 0.827
0.901 0.875
0.902 0.875
0.903 0.875
0.904 0.875
0.905 0.875
0.906 0.875
0.907 0.827
0.908 0.827
0.909 0.875
0.910 0.875
0.911 0.501
0.912 0.383
0.913 0.383
0.914 0.501
0.915 0.501
0.916 0.501
0.917 0.383
0.918 0.383
0.919 0.383
0.920 0.383
0.921 0.383
0.922 0.383
0.923 0.383
0.924 0.501
0.925 0.501
0.926 0.501
0.927 0.501
0.928 0.501
0.929 0.501
0.930 0.501
0.931 0.501
0.932 0.501
0.933 0.501
0.934 0.501
0.935 0.501
0.936 0.501
0.937 0.501
0.938 0.383
0.939 0.383
0.940 0.383
0.941 0.383
0.942 0.383
0.943 0.383
0.944 0.383
0.945 0.383
0.946 0.383
0.947 0.383
0.948 0.383
0.949 0.383
0.950 0.383
0.951 0.383
0.952 0.383
0.953 0.383
0.954 0.383
0.955 0.383
0.956 0.383
0.957 0.383
0.958 0.501
0.959 0.501
0.960 0.501
0.961 0.501
0.962 0.501
0.963 0.501
0.964 0.501
0.965 0.501
0.966 0.501
0.967 0.383
0.968 0.383
0.969 0.383
0.970 0.383
0.971 0.501
0.972 0.501
0.973 0.383
0.974 0.827
0.975 0.827
0.976 0.875
0.977 0.875
0.978 0.827
0.979 0.827
0.980 0.827
0.981 0.827
0.982 0.875
0.983 0.875
0.984 0.875
0.985 0.875
0.986 0.875
0.987 0.875
0.988 0.827
0.989 0.827
0.990 0.827
0.991 0.875
0.992 0.827
0.993 0.501
0.994 0.383
0.995 0.501
0.996 0.501
0.997 0.383
0.998 0.827
0.999 0.875
1.000 -inf
